0.7876927442903304,3.501714884979056e-05,0.02416654719115689,1.01747055692485e-15,3.956829943596639e-15,0.004283274053986719,0.02948596839580838,1.207033751627008e-05,6.245121226120627e-12,6.783137046165668e-16,0.15201949679166477,1.420379824795187e-06,1.808836545644178e-15,7.913659887193279e-16,0.002136767508053002,1.2322698967200964e-14,3.945524715186363e-14,0.00015688704554212034,9.781580880585869e-06,2.5270081105119836e-08
0.01076742801352775,0.008539339367181027,1.486277796026661e-14,1.6061356704327017e-14,9.034513146183946e-17,0.02518758573031697,0.9538217589793084,3.664420616457677e-12,5.939891243177739e-14,0.0009177798653258694,1.3451386239873874e-16,2.0076695880408768e-18,7.387081016105875e-08,9.844286399065065e-09,4.646917446290453e-07,1.8557312407450706e-06,8.030678352163507e-18,2.0076695880408768e-18,0.0007637038987470388,3.756046641116686e-12
0.04721420490684449,0.08480023472289631,3.849497361177641e-15,1.9035571934793175e-10,6.684131748466786e-17,0.00021723255436567008,0.0007373654815880311,9.308149806156966e-16,4.635566946120895e-07,1.0239644898832556e-09,2.6471808904818956e-18,0.4132257879824046,6.545154751716487e-16,5.526108934213179e-11,0.45157685223374056,0.0022278572094558908,2.1553015912692285e-15,8.242073626972297e-11,9.4967614446038e-17,6.617952226204739e-19
3.7973911788758635e-18,0.032337299479631224,0.05851314369082241,0.47663450496111137,1.1525209474488431e-08,3.0055228501991523e-09,0.1761164106092959,0.18795138669549932,2.4315061138763703e-08,9.131821644439576e-17,2.864317917780651e-16,4.809253835093212e-10,1.292921282331544e-16,8.896161633649974e-08,6.857003500141559e-16,3.100184809875686e-07,0.06844679256800988,2.3688812501289677e-08,7.413954206376686e-18,8.824413787102006e-17
1.6561151478369487e-08,4.373292944438586e-16,0.0001354155813267842,4.503906224962498e-19,1.3511718674887494e-18,4.099220105583934e-05,0.9913814265375528,2.333957985072254e-14,0.004553504550749002,3.653166916172867e-09,3.760761697843686e-17,4.234358697164055e-13,1.6034204659503506e-09,5.629882781203123e-19,4.430605151151233e-15,7.937008744940163e-16,0.0038885974433215697,2.152856257387799e-09,3.971409034532665e-08,8.560031841086113e-13
7.533688626350823e-12,0.028100156262557192,0.025663655761621097,9.487087173038896e-17,2.70287383847262e-19,1.3095423747399842e-16,4.6444765031548304e-14,1.281308710536876e-09,4.7773295095003556e-17,4.730029217327084e-19,1.2072948149996066e-10,0.35906393123097496,0.5179536436938263,4.730029217327084e-19,4.0543107577089297e-19,0.059519408102384236,8.323547657513758e-11,8.376753767873174e-07,0.009698365780404873,3.356293588923376e-16
3.743213002918607e-12,0.4236820326187225,2.5596690177807206e-17,8.599900219617664e-11,0.5381590742945391,1.207766157904301e-16,0.0007768674015224633,0.00011097425678909263,7.661362732928334e-15,0.007174023718650686,8.697904429351963e-18,2.236603996119076e-18,2.9668800520074667e-14,1.2251619667630052e-16,1.3232490343273612e-06,3.2461355829546667e-10,3.382540479108441e-14,0.030095704046288023,9.244629850625515e-17,2.6302960017470586e-14
4.9391707811978014e-14,0.5061701019486203,1.2759806635841935e-07,1.2481520304276038e-12,1.6441952259737135e-09,0.1155207738814502,1.9829207144277155e-12,0.37800863751356173,4.2903012076668013e-16,9.248334877728288e-07,9.533578100638097e-14,1.3252545444231156e-12,1.8569102154790558e-13,1.4742626756874527e-13,9.338815207908459e-17,0.0002994210592277291,4.3544112383765545e-15,3.2427974534911384e-10,2.673201142088977e-14,1.1192045161418536e-08
1.1936307418824628e-09,8.889393234556131e-19,5.040285963993326e-16,3.203026170275265e-14,3.7737794012302306e-09,1.3334089851834197e-17,5.6536540971777e-16,8.380344708903312e-11,8.889393234556131e-19,1.4570204031973594e-05,4.1737410936442016e-07,1.902330152195012e-16,6.054210156326799e-14,3.5557572938224525e-18,2.7995366113587623e-14,0.9999849999576731,1.688984714565665e-17,6.9615053541041005e-09,4.5134488379812643e-10,1.6000907822201036e-17
3.939872556795077e-12,2.636459073247893e-12,2.824443701333174e-05,8.026667408747575e-09,0.03431118846442179,2.7158524945038897e-17,4.310876975403001e-18,0.0006885536138955092,1.1651007201421688e-14,0.9066375359947502,1.6683093894809608e-16,1.7415942980628119e-16,3.6224126974600105e-09,1.1761796739689546e-14,2.2404538529474297e-10,2.7261382469672015e-11,8.408230308312833e-11,0.04073215451007506,0.017335155731852254,0.00026715525692234504
4.1020896134338814e-17,0.005543740252729543,3.947599862766513e-09,0.9430428915406949,0.0002190760143865763,1.2454913485226845e-06,3.7274281926104936e-08,0.0001957631066352215,8.027382129749878e-07,2.2261973160388257e-10,7.907294739149497e-05,8.105253490130792e-11,0.04467217398315279,0.004413796884572423,0.0016940474640035892,4.453331036584158e-15,7.691418025188527e-17,5.980867935976469e-11,2.2038082113273465e-07,0.00013712761068348492
2.920555314313436e-13,9.21094391321269e-13,7.631193296358612e-14,8.022651844970802e-14,2.5388825430623847e-09,4.102741197214215e-15,0.9521360563419998,6.565037814729847e-09,0.047563337648179126,5.898989218749672e-13,7.573563213778765e-17,1.0186185643125375e-07,1.094162972807112e-11,3.5842016541445714e-10,0.0003004946363310454,1.408209410061989e-16,5.91684626076466e-18,4.2372890978147515e-12,3.207288405859371e-11,7.728702922736014e-14
4.937980175734053e-19,4.3552985149974353e-16,4.2308726983583e-06,2.4686938090564825e-14,5.14043736293915e-16,0.00015141142877647326,0.03753408138720441,0.9215178188292164,4.189876179110345e-15,4.937980175734053e-19,4.937980175734053e-19,2.283815831277e-15,5.629297400336821e-17,1.6512605707654673e-15,7.500791886940027e-16,6.210072724743375e-06,3.4567034686809354e-09,1.1397006384999469e-13,0.04078624395252738,7.900768281174486e-17
4.5681835035722914e-10,7.206365155561466e-09,0.47384310508756994,0.004235007650960944,1.0085257886481385e-17,0.018013149748218254,0.012613808940010539,0.006706714631328121,2.091757191270213e-17,7.735565511207682e-05,6.474486544407802e-18,6.772119473158968e-08,0.48293957950571403,4.731355551682625e-18,5.172198733645157e-12,6.004817725754593e-05,6.876421299481716e-11,4.980374264929078e-19,0.0015111540029907305,1.1425230253186255e-09
1.2320540635024454e-05,0.4116779509279663,1.1197272258573671e-17,1.1645158059247411e-13,4.428012211345043e-18,2.0358676833770312e-19,3.4691185324744616e-16,2.972219726290342e-13,6.064321017239088e-11,0.0002394655692496283,1.908629881881629e-09,1.0179338416885156e-19,4.661348096206093e-14,7.990780657254847e-18,0.1338972147245799,0.4541730462514936,1.9218998104615852e-13,3.0239626776740555e-12,1.312539668358049e-11,1.1156554904906133e-16
1.9185583888287912e-13,5.861987927066491e-11,1.317754387647822e-08,8.826465592193184e-18,1.0689108602681406e-08,0.9985280133984028,2.923852279487724e-06,1.6604347072033816e-13,0.0005438694266156359,4.2871404304938324e-17,8.148466942347144e-14,5.65961371522976e-11,3.1523091400689945e-17,6.5315845382229554e-15,1.9774523500308722e-12,8.079910523168925e-13,1.1890510076340246e-15,0.00043417238621107823,2.8963416378953914e-15,0.0004909969513868462
8.558607511613363e-08,0.0028017219806077496,6.349132634904141e-14,3.29246177564936e-17,6.990149615994027e-16,1.689582478758365e-12,8.56099693751283e-05,0.12873911084258233,0.6996599231019166,0.003305537279151995,4.1225671952850597e-07,6.982902081471183e-08,2.532662904345662e-17,1.6862976149714285e-12,0.00449766060952695,4.2999002721728145e-10,2.339420724744088e-14,3.8769692361735887e-07,0.16090769553396256,1.784880684015722e-06
2.017810018548286e-15,0.004730569113105416,2.6156006602562188e-09,0.8093864722681602,6.95457022478146e-16,7.531470896692704e-05,0.16893074658297794,1.8055625161454123e-15,6.915913463175438e-14,3.8109731960653517e-16,1.7728866119954164e-14,1.8143534368088396e-09,3.3631382597238927e-15,4.751864186098711e-16,2.9174914419639057e-18,0.016040258960226372,5.282054034869378e-08,5.324421881584128e-17,0.0008365811159603553,1.2791741227290744e-14
0.025151238303835474,6.44635532819017e-14,2.8787551704836483e-16,2.9425315021365063e-13,2.164477571792217e-18,1.0822387858961085e-18,0.0004292087284866519,2.5728319444885378e-05,4.520944304202404e-14,3.4207078872968423e-13,6.168761079607818e-17,2.0021417539078007e-15,3.7902599655167867e-13,4.967531903251653e-10,1.4267153914468397e-14,0.9624492341602072,0.003305460810238423,1.29868654307533e-17,7.840024558309672e-12,0.008639129172052621
4.409614263228829e-08,3.825339267020435e-05,3.5116212572176378e-12,0.00014408276130439883,2.9376794526896587e-12,1.7196650259797664e-05,2.0860698217611355e-13,3.8394865305181764e-18,5.189349640837073e-08,4.700921139259445e-06,0.0007021055916798879,0.06714562415313308,1.609698092304112e-06,2.3036919183109055e-17,0.000322548757768426,2.2733685172033765e-05,9.607261326259327e-09,9.645952212904423e-07,1.2855173371616553e-10,0.9316000740614493
