0.015873015873015872,0.10317460317460317,0.007936507936507936,0.03968253968253968,0.015873015873015872,0.007936507936507936,0.007936507936507936,0.007936507936507936,0.007936507936507936,0.007936507936507936,0.007936507936507936,0.007936507936507936,0.007936507936507936,0.007936507936507936,0.007936507936507936,0.007936507936507936,0.007936507936507936,0.007936507936507936,0.6746031746031746,0.03968253968253968
0.01376146788990826,0.7477064220183487,0.018348623853211014,0.09174311926605505,0.009174311926605507,0.004587155963302753,0.004587155963302753,0.004587155963302753,0.004587155963302753,0.01376146788990826,0.004587155963302753,0.004587155963302753,0.004587155963302753,0.009174311926605507,0.004587155963302753,0.004587155963302753,0.004587155963302753,0.032110091743119275,0.009174311926605507,0.009174311926605507
0.030303030303030297,0.015151515151515148,0.04545454545454545,0.015151515151515148,0.015151515151515148,0.015151515151515148,0.030303030303030297,0.015151515151515148,0.060606060606060594,0.015151515151515148,0.0909090909090909,0.04545454545454545,0.16666666666666663,0.3181818181818181,0.04545454545454545,0.015151515151515148,0.015151515151515148,0.015151515151515148,0.015151515151515148,0.015151515151515148
0.029411764705882356,0.029411764705882356,0.029411764705882356,0.029411764705882356,0.08823529411764706,0.029411764705882356,0.029411764705882356,0.029411764705882356,0.029411764705882356,0.029411764705882356,0.029411764705882356,0.029411764705882356,0.23529411764705885,0.05882352941176471,0.05882352941176471,0.08823529411764706,0.05882352941176471,0.029411764705882356,0.029411764705882356,0.029411764705882356
0.029411764705882353,0.029411764705882353,0.058823529411764705,0.058823529411764705,0.029411764705882353,0.029411764705882353,0.058823529411764705,0.029411764705882353,0.029411764705882353,0.058823529411764705,0.029411764705882353,0.029411764705882353,0.029411764705882353,0.029411764705882353,0.058823529411764705,0.029411764705882353,0.20588235294117646,0.029411764705882353,0.08823529411764706,0.058823529411764705
0.01273885350318471,0.006369426751592355,0.04458598726114649,0.13375796178343946,0.006369426751592355,0.17834394904458595,0.01273885350318471,0.08280254777070062,0.06369426751592355,0.006369426751592355,0.01273885350318471,0.2292993630573248,0.006369426751592355,0.006369426751592355,0.006369426751592355,0.01273885350318471,0.1146496815286624,0.03821656050955413,0.01273885350318471,0.01273885350318471
0.022727272727272724,0.0909090909090909,0.04545454545454545,0.022727272727272724,0.06818181818181818,0.06818181818181818,0.022727272727272724,0.022727272727272724,0.022727272727272724,0.04545454545454545,0.04545454545454545,0.022727272727272724,0.022727272727272724,0.022727272727272724,0.022727272727272724,0.022727272727272724,0.06818181818181818,0.15909090909090906,0.04545454545454545,0.13636363636363635
0.05555555555555556,0.02777777777777778,0.02777777777777778,0.02777777777777778,0.02777777777777778,0.02777777777777778,0.02777777777777778,0.02777777777777778,0.02777777777777778,0.05555555555555556,0.2777777777777778,0.02777777777777778,0.02777777777777778,0.02777777777777778,0.08333333333333334,0.02777777777777778,0.02777777777777778,0.05555555555555556,0.08333333333333334,0.02777777777777778
0.019607843137254898,0.07843137254901959,0.019607843137254898,0.019607843137254898,0.039215686274509796,0.019607843137254898,0.039215686274509796,0.31372549019607837,0.09803921568627448,0.019607843137254898,0.019607843137254898,0.019607843137254898,0.0588235294117647,0.039215686274509796,0.019607843137254898,0.019607843137254898,0.09803921568627448,0.019607843137254898,0.019607843137254898,0.019607843137254898
0.016393442622950814,0.016393442622950814,0.03278688524590163,0.016393442622950814,0.016393442622950814,0.016393442622950814,0.016393442622950814,0.016393442622950814,0.5409836065573769,0.016393442622950814,0.03278688524590163,0.03278688524590163,0.016393442622950814,0.016393442622950814,0.03278688524590163,0.016393442622950814,0.06557377049180325,0.049180327868852444,0.016393442622950814,0.016393442622950814
0.012499999999999999,0.012499999999999999,0.012499999999999999,0.06249999999999999,0.012499999999999999,0.012499999999999999,0.024999999999999998,0.049999999999999996,0.049999999999999996,0.012499999999999999,0.0375,0.11249999999999999,0.39999999999999997,0.012499999999999999,0.049999999999999996,0.012499999999999999,0.049999999999999996,0.024999999999999998,0.024999999999999998,0.012499999999999999
0.03225806451612903,0.03225806451612903,0.03225806451612903,0.03225806451612903,0.0967741935483871,0.06451612903225806,0.03225806451612903,0.03225806451612903,0.06451612903225806,0.03225806451612903,0.03225806451612903,0.03225806451612903,0.16129032258064516,0.06451612903225806,0.06451612903225806,0.03225806451612903,0.06451612903225806,0.03225806451612903,0.03225806451612903,0.03225806451612903
0.03773584905660377,0.018867924528301886,0.018867924528301886,0.018867924528301886,0.018867924528301886,0.03773584905660377,0.03773584905660377,0.018867924528301886,0.018867924528301886,0.03773584905660377,0.09433962264150943,0.2641509433962264,0.07547169811320754,0.018867924528301886,0.05660377358490566,0.03773584905660377,0.03773584905660377,0.018867924528301886,0.03773584905660377,0.09433962264150943
0.022222222222222216,0.022222222222222216,0.022222222222222216,0.15555555555555553,0.022222222222222216,0.022222222222222216,0.04444444444444443,0.022222222222222216,0.022222222222222216,0.19999999999999996,0.022222222222222216,0.08888888888888886,0.022222222222222216,0.022222222222222216,0.022222222222222216,0.08888888888888886,0.08888888888888886,0.022222222222222216,0.022222222222222216,0.04444444444444443
0.03333333333333333,0.03333333333333333,0.03333333333333333,0.03333333333333333,0.16666666666666669,0.03333333333333333,0.03333333333333333,0.03333333333333333,0.16666666666666669,0.03333333333333333,0.03333333333333333,0.03333333333333333,0.06666666666666667,0.06666666666666667,0.03333333333333333,0.03333333333333333,0.03333333333333333,0.03333333333333333,0.03333333333333333,0.03333333333333333
0.10714285714285716,0.011904761904761908,0.07142857142857145,0.011904761904761908,0.011904761904761908,0.023809523809523815,0.011904761904761908,0.011904761904761908,0.011904761904761908,0.035714285714285726,0.011904761904761908,0.023809523809523815,0.130952380952381,0.023809523809523815,0.3571428571428572,0.011904761904761908,0.09523809523809526,0.011904761904761908,0.011904761904761908,0.011904761904761908
0.15116279069767444,0.011627906976744188,0.011627906976744188,0.38372093023255816,0.011627906976744188,0.011627906976744188,0.034883720930232565,0.06976744186046513,0.04651162790697675,0.011627906976744188,0.034883720930232565,0.011627906976744188,0.034883720930232565,0.04651162790697675,0.011627906976744188,0.058139534883720936,0.011627906976744188,0.011627906976744188,0.011627906976744188,0.023255813953488375
0.02083333333333333,0.02083333333333333,0.24999999999999994,0.08333333333333331,0.02083333333333333,0.062499999999999986,0.04166666666666666,0.02083333333333333,0.02083333333333333,0.2083333333333333,0.02083333333333333,0.02083333333333333,0.04166666666666666,0.02083333333333333,0.02083333333333333,0.02083333333333333,0.02083333333333333,0.04166666666666666,0.02083333333333333,0.02083333333333333
0.007042253521126761,0.007042253521126761,0.014084507042253521,0.007042253521126761,0.007042253521126761,0.014084507042253521,0.007042253521126761,0.007042253521126761,0.014084507042253521,0.007042253521126761,0.007042253521126761,0.007042253521126761,0.007042253521126761,0.007042253521126761,0.007042253521126761,0.035211267605633804,0.007042253521126761,0.007042253521126761,0.007042253521126761,0.8169014084507042
0.021739130434782608,0.021739130434782608,0.34782608695652173,0.06521739130434782,0.021739130434782608,0.043478260869565216,0.043478260869565216,0.043478260869565216,0.043478260869565216,0.021739130434782608,0.021739130434782608,0.043478260869565216,0.021739130434782608,0.043478260869565216,0.021739130434782608,0.043478260869565216,0.06521739130434782,0.021739130434782608,0.021739130434782608,0.021739130434782608
