3.958726859190667e-08,1.5395048896852595e-07,0.00024298225603172407,2.6391512394604452e-08,7.037736638561187e-08,3.079009779370519e-08,4.794458085019809e-07,1.5351063042861588e-06,0.983196497666843,3.256272770954279e-05,3.518868319280594e-05,1.9793634295953338e-07,0.008028346454878064,0.00013013654761779455,2.947052217397497e-07,4.398585399100742e-09,1.7594341596402967e-08,4.398585399100742e-09,0.008229089095322224,0.00010234188648087696
0.5802762378159638,2.037576195426612e-07,2.8374761572945842e-06,8.06960869475886e-09,1.995210749779128e-06,0.16845670374869406,6.570174529163979e-06,0.25124958117596086,2.894972119244741e-07,2.017402173689715e-09,1.0591361411871003e-08,2.546970244283265e-07,7.988912607811272e-07,3.606106385470365e-07,1.9124972606578495e-06,2.067837228031958e-08,2.461230651901452e-07,1.958897510652713e-06,2.017402173689715e-09,6.0522065210691445e-09
6.56507826371236e-05,1.0578465865893142e-07,0.0011910624107765392,1.5836026745349014e-09,1.2462636328054768e-05,2.2325630505593044e-06,0.002407810223492965,0.03531165765263871,4.446756310094004e-07,1.2668821396279212e-09,6.138043966497279e-07,0.00021769437574242894,2.2392141817923507e-07,2.217043744348862e-09,0.5658792565962716,2.217043744348862e-09,1.9003232094418817e-09,0.39013858936179213,1.5731508968829713e-06,0.004770612875372973
5.9329036042547226e-08,0.19933193961709136,2.799408885114364e-07,1.7757814098598917e-05,2.0160352053292745e-08,5.184090527989563e-09,6.876753686384022e-05,2.83972958922095e-07,0.7524023366391783,7.840188110507949e-05,2.1427574182356862e-07,6.096605662927459e-05,0.00047128394186935526,0.011909570148726616,0.018920558371202167,4.093703486935758e-06,0.0009096713732782647,0.01264526401989561,0.0017718196126763903,0.00140670642083032
7.890140169064343e-07,3.678937237717835e-05,0.0002258523296758616,0.6848449885848925,5.100284530746181e-10,2.891861328933085e-07,1.837734522118464e-05,7.650426796119272e-09,3.2437809615545715e-07,0.04808218216175515,5.100284530746181e-10,1.0914608895796827e-07,3.473599782509994e-05,2.0401138122984724e-09,1.606232607267895e-05,9.690540608417745e-09,0.25895888145868046,9.180512155343126e-09,0.004661341803347291,0.003119247314167342
2.5602085951978864e-08,4.063823166980772e-09,1.0983294873398934e-05,1.5726995656215587e-07,1.6417845594602319e-07,1.108773512879034e-05,0.21120547684634255,0.025699048772743024,0.07926359605063248,6.502117067169235e-09,0.6257239324560356,0.03528688285136047,0.012847429485528934,7.058860841045601e-07,1.2191469500942316e-08,0.009480120413665031,0.00010029515576108545,0.0003163141783190156,2.6206376456908906e-05,2.7550689160546147e-05
0.8620106137040676,1.3929775786373138e-06,0.0002002846224841342,2.5714036640550355e-08,0.0037149418284788687,0.12169211513824563,4.781203687852332e-08,2.0089091125429966e-09,0.0014386597700747192,0.010889501976432485,2.6240772609859132e-05,4.017818225085993e-10,3.543715674525846e-07,2.0086680434494916e-05,4.182548772314519e-07,3.4091187639854653e-06,4.017818225085993e-10,4.017818225085993e-10,1.8582409291022718e-06,4.5803127765980326e-08
1.863362599506551e-06,8.464257741179579e-07,0.00012860935348502108,8.915610523954788e-08,4.5135278277521117e-08,9.36139105015253e-08,2.8975734202853064e-08,2.1174574994392625e-08,0.023147512118915553,0.3077454165268395,2.228902630988697e-09,1.2258964470437835e-07,0.0012749317476998773,4.8478632224004165e-08,2.228902630988697e-09,3.79805008320474e-06,0.0032540368030284095,0.6639321985829187,1.1144513154943485e-09,0.0005103323325194609
3.782762047317077e-07,0.009098096886390487,0.14315161109100533,0.6213442035297531,5.281410450776453e-06,0.00036660264924173866,0.1120122440056443,1.6865818045362762e-08,0.00031727976906936425,8.191968764890484e-08,0.0001557028227922111,0.10814522996898292,6.023506444772415e-08,1.2480705353568443e-05,0.0037785624586237814,0.00154392830610602,2.272066630968155e-06,5.534397721456894e-06,6.040131322559986e-05,3.1322233512816556e-08
1.6069919053314082e-06,0.003884244996047004,5.822434439606551e-08,0.003876693298578834,0.9885203194082729,5.378182691864571e-05,3.221552975434305e-05,1.1103382476329693e-05,2.8826872910492032e-05,0.0011041664671269864,6.084443989388846e-06,0.0002830518278470329,5.3694490402051613e-05,7.586632074807336e-06,4.65794755168524e-08,8.500754281825564e-07,0.00020422771040363937,0.0003468133073951642,1.5487675609353424e-06,0.001583079167087944
3.867528276678826e-09,1.933764138339413e-09,8.078106311499065e-05,0.0006112183675539067,1.1022455588534655e-07,3.5774636559279145e-06,0.0006772506115857826,0.8876077235220369,2.5492812635728483e-05,2.320516966007296e-08,0.01400869986562737,0.0017686342172741956,0.0014795674188186668,0.000105065273164257,1.933764138339413e-09,1.160258483003648e-08,0.06474530659393382,0.028886371454572044,1.5083360279047423e-07,7.735056553357652e-09
3.339435997961362e-08,1.4776265477705143e-09,0.13123656207260354,0.0007204824299842352,0.02232112474502416,0.004626765819726632,0.06089017870135311,2.700510278705392e-06,0.001202951435381382,2.5830980732195472e-05,0.10803249222287026,0.0003194554714952464,0.0024753069897115454,9.161284596177188e-09,2.541517662165285e-08,1.0520701020126062e-07,8.186051074648649e-08,4.987078256318352e-05,0.17077934000717981,0.49731668131512735
1.1308059062676227e-06,5.4667173902047775e-05,0.4256299257699079,4.6618848144225466e-07,7.172130483726994e-09,0.00022502081250661194,1.1953550806211656e-09,6.108264461974157e-07,1.1953550806211656e-09,0.00019030172418997018,3.586065241863497e-09,0.00012972949618965388,2.493510698175752e-06,0.007685364555077256,6.053278128265583e-06,0.5657438373235725,3.586065241863497e-09,4.6857919160349695e-07,0.0003128602852509777,1.7052935580141552e-05
0.0001116312597840839,0.05061907783021352,0.016731940326358125,6.239888434646316e-05,0.17119429072320538,0.0009540223281209776,0.00021550832498918527,8.021097473064415e-08,4.903727712790472e-09,0.005240296465422907,0.006322914499350367,0.00092992505987406,2.416837229875304e-08,2.026325370804583e-05,1.325757813779424e-06,1.4010650607972775e-09,5.757922053732053e-05,0.7177320320554886,3.076738873510822e-06,0.02980360658777373
3.753146651288454e-10,6.267754907651719e-07,3.0114873415273428e-05,0.003957437554496722,1.3511327944638434e-08,2.619696362599341e-07,3.5016858256521276e-07,0.16042034723058937,4.3855518620305585e-06,0.004580555603850213,0.025401861384491277,7.247739029769647e-05,6.031306668620546e-07,5.543397603953046e-07,0.3955496738559848,0.3824837791141026,1.6287530522596504e-05,2.1768250577473034e-08,0.027480607337373782,4.053398383391531e-08
0.0492550281774685,0.11989270789621151,2.854585207844286e-05,1.7050011196174018e-06,0.775287517438803,0.0021392855714641914,3.255002137451403e-06,0.0008645130676969144,2.5833350297233357e-08,0.0006733204421470902,0.0006134129028078061,7.54333828679214e-06,2.5833350297233357e-08,0.005980808094063981,0.02530510995035553,7.695755053545817e-05,3.332502188343103e-06,1.2400008142672012e-06,3.120668715905789e-05,0.019834458857961312
1.7306767100442496e-05,1.357435214765586e-05,6.957667682748163e-08,1.1500277161567212e-09,3.5075845342779996e-08,6.325152438861967e-08,2.2425540465056062e-08,2.3334062360819874e-06,5.750138580783606e-10,1.7250415742350818e-09,0.00021137739428503768,5.750138580783606e-10,0.00019086262487037599,8.596457178271491e-07,0.0070172425685282305,5.750138580783606e-10,7.548781928852718e-06,0.9916199015610662,1.1994789079514604e-06,0.0009175984895135767
1.845560726951929e-07,3.3042790307872964e-08,0.47159555148847004,2.595067921740267e-07,8.059217148261698e-09,1.4338153228472388e-05,0.00603142382091842,2.005939148202337e-06,2.812666784743333e-06,0.019686735698852893,1.6199026468006014e-07,6.447373718609358e-09,1.6924356011349567e-08,0.5025909347522259,1.7730277726175735e-08,1.2975339608701336e-07,4.804905263793625e-06,3.704822123055903e-06,2.5789494874437433e-08,6.684395294939735e-05
0.012101490840978012,0.24009352956485183,9.784807398457265e-06,0.0018548762271648359,3.2956764086828725e-08,5.585892218106562e-10,5.3903859904728334e-08,0.0009412334519461702,0.17689121528390156,0.15460181336690348,2.227374521969992e-06,2.9716946600326915e-07,2.7929461090532812e-09,5.697610062468694e-08,1.1171784436213125e-09,0.0002171613352902743,0.37804349351915917,0.035242725960033715,1.955062276337297e-09,8.378838327159844e-10
5.756080357938915e-09,0.032009040985879186,0.015450917952354105,1.5797242760121247e-07,2.2960364983334118e-07,3.036652171054886e-06,0.3094971159143378,0.0011865871853873177,6.523557738997438e-07,3.7094740084495234e-08,4.496138324034509e-07,1.918693452646305e-09,0.0033007417774416075,0.04794701927118756,1.407041865273957e-08,0.016530459950889316,0.00011515230625402066,0.00011301104436086736,0.573845350026751,1.8547370042247617e-08
