6.531691274372048e-09,2.5401021622557967e-08,4.0090795298620705e-05,4.354460849581366e-09,1.161189559888364e-08,5.080204324511594e-09,7.910603876739482e-08,2.532844727506494e-07,0.16222225511452926,5.372678944908475e-06,5.805947799441822e-06,3.265845637186024e-08,0.0013246349736208756,2.1471846449285715e-05,4.862481282032525e-08,7.257434749302275e-10,2.90297389972091e-09,7.257434749302275e-10,0.0013577564543297415,1.6885873431201607e-05,0.8349979964218451,2.93200363871812e-07,4.083032789957461e-06,1.161189559888364e-08,2.8710411868239808e-06
0.34963359762587565,1.3636463889786304e-05,0.5214710546609914,6.008544003022444e-07,4.187138678064421e-09,2.198247805983821e-08,5.286262581056331e-07,1.658106916513511e-06,7.484510387040152e-07,3.969407466805071e-06,4.291817145016032e-08,5.108309187238594e-07,4.065711656400553e-06,4.187138678064421e-09,1.2561416034193264e-08,0.00021698066665130686,3.4962607961837916e-07,0.003936548896028961,5.233923347580526e-09,4.118992996078923e-05,7.378785135419026e-06,0.007957989935186338,0.11670762647846428,1.4696856760006118e-06,4.187138678064421e-09
4.087511731316855e-07,0.0001449693615011143,1.491161400433961e-07,1.4763974261722384e-09,0.37683635250434244,1.4763974261722384e-09,1.265483508147633e-09,0.25980525222040074,1.0476094308282155e-06,0.003176897428577079,2.1724133556534365e-08,0.07298810105762203,1.0250416415995827e-07,6.502265178780563e-06,7.3819871308611925e-09,1.8982252622214493e-09,2.5180169017285552e-05,1.0398056158613051e-07,0.27550234994002226,2.87079152101651e-05,7.845997750515324e-08,2.2323550911560294e-05,0.00017256702584679792,0.00436085110714271,0.006928019810155556
3.571836603628173e-06,0.0007937061193408807,0.01103324093524272,0.0015459473720508708,0.001227378949285235,7.774913783330215e-07,3.625210607751616e-05,0.00022255401721238755,0.6748436183770264,5.025800764919336e-10,2.8496290337092645e-07,1.8108965316157355e-05,7.538701147379006e-09,3.1964092864886985e-07,0.04737999741598453,5.025800764919336e-10,1.0755213636927381e-07,3.422871868955964e-05,2.0103203059677345e-09,1.582775434896047e-05,9.54902145334674e-09,0.2551770860374497,9.046441376854807e-09,0.0045932682891685435,0.003073694309211663
1.364831447274273e-08,2.166399122657576e-09,5.855126908806631e-06,8.383964604684819e-08,8.752252455536607e-08,5.910803366258931e-06,0.1125923400058604,0.013700004755809339,0.04225493528803124,3.4662385962521213e-09,0.3335695778578197,0.018811220102203253,0.006848885599156939,3.7630352760562097e-07,6.499197367972728e-09,0.005053793854448312,5.3466730347188976e-05,0.0001686251419506487,1.3970458022281911e-05,1.4687102852057038e-05,0.4647943069176659,7.510905758253816e-07,0.00010799304650526978,1.3864954385008485e-08,0.0020030888076745432
0.3264671340793789,1.2826680378179602e-07,5.389361503436807e-09,0.0038595362691989346,0.029213597756592474,7.039691783019227e-05,1.0778723006873615e-09,9.506833692062528e-07,5.388714780056395e-05,1.1220650650155433e-06,9.145746471332263e-06,1.0778723006873615e-09,1.0778723006873615e-09,4.985159390679046e-06,1.228774422783592e-07,3.6044049734985372e-06,1.6372880247441023e-06,0.0002487761606155451,1.7245956810997782e-07,8.730765635567628e-08,1.8108254651547675e-07,5.6049359635742795e-08,4.095914742611974e-08,0.04477550844244234,0.5952889202533441
2.4769054588946054e-09,1.362298002392033e-07,0.0014167893032613497,5.387269373095767e-08,2.4769054588946054e-09,4.220646901956407e-06,0.003616103013566719,0.7378057992046346,1.2384527294473027e-09,0.0005671153700003325,9.721853926161327e-08,0.0023382482913056855,0.0367905523771571,0.1596880139174395,1.3573441914742436e-06,9.421838752452717e-05,0.028787607059153064,4.33458455306556e-09,8.15422046122693e-05,2.1053696400604147e-08,4.001626536753652e-05,0.027793768559015275,1.5480659118091284e-08,3.207592569268514e-06,0.0009711060810624194
0.0037164962151990818,5.4692481517943136e-06,1.3322230121602904e-05,0.00014539616322092433,7.539790665251971e-08,1.600755556622726e-06,0.003869171176331461,5.7998389732707464e-08,0.0038616487851831287,0.9846841100303692,5.3573112596101886e-05,3.209050903910704e-05,1.1060292922027314e-05,2.8715002756663464e-05,0.0010998814628910645,6.0608317270679296e-06,0.00028195337184658406,5.348611501150282e-05,7.557190182171783e-06,4.639871178616597e-08,8.467764900975289e-07,0.0002034351518264447,0.000345467408442872,1.5427571668900185e-06,0.001576935617959503
1.924606437422072e-09,9.62303218711036e-10,4.019925465843483e-05,0.0003041619144605282,5.485128346652906e-08,1.780260954615417e-06,0.0003370216824698539,0.44170214575988376,1.2686043332267589e-05,1.1547638624532434e-08,0.0069711795266957045,0.0008801292599556446,0.0007362803256098441,5.2283858479008015e-05,9.62303218711036e-10,5.773819312266217e-09,0.03221934655654459,0.01437478732617715,7.505965105946082e-08,3.849212874844144e-09,1.0874026371434708e-07,4.81151609355518e-09,0.42733857985154006,0.002346068302727382,0.07268308159391318
0.004864819962958639,0.06402307106867221,2.8394556426452565e-06,0.0012648451175899078,2.7160024004891e-05,0.11359092837014287,0.00033589194170589366,0.0026026653016796224,9.632646631867251e-09,2.672282614001883e-08,1.1062007099821747e-07,8.607235861378157e-08,5.243671022798369e-05,0.1795661969718876,0.522904381470752,2.939510875402071e-07,1.4210639626296292e-05,0.11064178111934249,1.2118490923962027e-07,1.864383219071081e-09,5.8493780576209115e-05,3.107305365118468e-10,1.5878330415755373e-07,3.107305365118468e-10,4.9468612143222526e-05
2.4985178854366535e-09,9.038638302355638e-05,1.73730276967362e-06,0.005354621152119115,4.217498190617071e-06,0.39417049071699956,2.4985178854366535e-09,3.2647300369705605e-07,0.0002179790287184451,1.1881285384546434e-05,0.00026542921472006776,0.120358599413058,0.03978406935618475,0.00014836782191229452,0.4070541373367005,0.0022684093852237087,0.0005124210331242032,1.9072019858833122e-07,1.1659750132037717e-08,0.012460020413707307,0.015034195919232867,0.00221111254023558,5.746591136504303e-08,4.818058606346528e-05,3.1522967321259113e-06
8.335423082942806e-10,3.425587985839298e-05,0.42700373556945037,1.8304589090142405e-06,0.017731201587834082,2.0838557707357016e-10,3.480039137128622e-07,1.6720650318806197e-05,0.0021972839996628104,7.501880774648526e-09,1.4545313279735198e-07,1.9442374340964098e-07,0.08907002506953095,2.4349854681046676e-06,0.0025432571959270907,0.014103849476632725,4.024154717425421e-05,3.348756223572273e-07,3.077854973376631e-07,0.21962064024182149,0.21236607688806888,9.043308888261724e-06,1.208636347026707e-08,0.015258029462730681,2.2505642323945582e-08
0.04918655393221171,0.1197260332847301,2.8506167689891898e-05,1.7026308303464846e-06,0.7742097142260558,0.0021363115407851928,3.2504770397523794e-06,0.0008633112232961379,2.579743682343158e-08,0.0006723843933659208,0.0006125601373723828,7.5328515524420215e-06,2.579743682343158e-08,0.005972493586176763,0.025269930835266054,7.685056429700268e-05,3.3278693502226743e-06,1.238276967524716e-06,3.116330368270535e-05,0.019806885031478417,0.0007764512535116437,0.0006090000910907494,3.1214898556352216e-06,5.159487364686316e-08,1.5736436462293265e-06
4.668665907398135e-08,1.6552542762593386e-08,1.722313295656512e-06,4.244241733998304e-10,1.2732725201994913e-09,0.00015602002383847128,4.244241733998304e-10,0.00014087784260408552,6.345141392327465e-07,0.005179505389047211,4.244241733998304e-10,5.571840548392974e-06,0.7319257634126838,8.853488257120464e-07,0.0006772897295488484,9.719313570856117e-08,1.7401391109393048e-08,0.24835731366625735,1.366645838347454e-07,4.244241733998304e-09,7.550930468956384e-06,0.003176340856096043,1.056391767592178e-06,1.4812403651654083e-06,0.01036766521141422
7.379836810307465e-08,2.937248481714414e-09,7.710277264500338e-09,0.2289667893398949,8.077433324714639e-09,5.911212569450259e-08,2.1889844309976674e-06,1.6878164088051452e-06,1.1748993926857656e-08,3.0452290790234403e-05,0.015908419018507394,0.3156229692804835,1.2862945413547848e-05,0.00243838950398458,4.332441510528761e-08,7.343121204286035e-10,7.086111962136025e-08,0.0012373298748524853,0.23253825585690233,0.20323697802038826,2.9280695802090568e-06,3.906540480680171e-07,3.6715606021430176e-09,7.489983628371757e-08,1.468624240857207e-09
0.00025542431047627,0.4446532737197441,0.04145235598967559,2.299536578204055e-09,9.855156763731665e-10,2.9565470291194992e-09,0.01644108996866956,0.007936193160715156,8.114079068805737e-08,1.1793337593932225e-07,1.559742810473265e-06,0.15896977138540833,0.0006094773873178392,3.3507532996687657e-07,1.9053303076547885e-08,2.309391734967787e-07,9.855156763731665e-10,0.001695389516674493,0.024627456283832047,7.227114960069887e-09,0.008490687971437686,5.914670883321196e-05,5.80468733383795e-05,0.2947493188582122,9.526651538273943e-09
0.03511468074729455,5.2369880696343724e-06,0.00031548629742071584,4.223377475511591e-07,0.013749543241726026,0.0002881188113794007,5.912728465716228e-07,0.0006536943656596841,0.0002818682127156436,0.0014116216874149941,0.2885562688183142,0.008714010277673555,0.00021285822476578418,8.446754951023181e-08,0.0006306347246433908,4.223377475511591e-07,2.702961584327418e-06,0.0016785391438673266,0.012300840300076039,0.5442756088294268,7.85548210445156e-06,1.0980781436330137e-06,8.446754951023181e-08,0.03848181067342092,0.05331591725085833
1.8129381445309226e-05,7.1878152500895616e-09,1.7661488900220064e-07,3.138165910497435e-05,2.4643938000307066e-07,0.02913976515284092,0.015729864523448912,7.872369083431425e-09,0.0189550557091176,7.222042941756655e-08,0.006693035484088229,2.8408984083687313e-08,3.3109472980329216e-05,0.006713123031773813,0.0012495465746444861,1.8762936018067123e-05,1.095388816421982e-05,0.0017024176126917124,0.0012693952130422334,0.2018864437553152,0.007787387201452698,2.6858469651167993e-06,3.4227691667093145e-10,7.095400482588408e-07,0.7087576939307142
0.010465342467324227,0.00017691446964890738,1.0372565059152635e-08,0.08965028207127489,6.275401860787345e-07,4.319136090631158e-05,2.8887593689740093e-06,0.004237182454098793,0.001186984482544132,2.670935502731804e-06,0.2880757453659126,0.0002928693744451747,0.0002504974461785362,3.630397770703423e-08,6.534715987266162e-07,2.570321621658023e-05,0.04797563393189032,7.675698143772952e-07,0.021429766088752116,1.9982746586457556e-05,5.2900081801678444e-06,0.5359325957945149,5.70491078253395e-08,0.0002243015331216462,5.1862825295763176e-09
2.2710565190226684e-06,1.9432751657616648e-07,4.013649223604127e-09,1.6847627086846954e-05,1.3629683821822346e-05,0.0024453599396222735,0.0009284119186256904,0.5683618547734646,6.689415372673544e-10,5.451873528728939e-08,0.4167264279246541,3.0604075329981466e-07,1.2275077208855952e-07,0.00027832750882313405,6.689415372673544e-10,2.3412953804357404e-09,3.344707686336772e-10,3.053015729011342e-05,9.565863982923169e-08,0.008747951506601754,0.0003465909858766558,0.0016495693599382914,0.0004514221520648974,1.0034123059010317e-09,2.3078483035723725e-08
0.004362374407318246,1.811592559619068e-08,0.0003730146719936787,1.3755163506250496e-06,0.007930023862646575,5.460657572566049e-07,0.00014477988937538504,0.005560094594168853,0.00021468795225639944,2.8856081485360865e-07,0.006503945963682557,0.00014103895073977165,1.0351957483537531e-08,0.0011388046088224239,0.000620520917462263,1.0364897430391953e-06,1.2939946854421914e-09,0.0004049323449047959,1.4233941539864105e-08,0.4485809893177103,5.952375553034081e-08,1.0830735517151143e-06,9.562620725417795e-07,0.5240193978550751,5.175978741768766e-09
4.271859233339816e-08,4.866675075956753e-09,0.00021762905752998428,1.6276324420699807e-07,1.8925958628720706e-07,3.586198789305021e-05,0.018129658652767434,2.162966700425223e-09,4.5584523211461585e-07,0.0036742439710708546,0.027244411683934502,5.407416751063058e-10,0.12839956281403272,6.48890010127567e-09,5.623713421105581e-08,2.162966700425223e-09,0.00015909809713312754,5.407416751063058e-10,0.026462019043123286,0.002236773072402158,1.084187058588143e-05,9.138534309296569e-08,0.7443713091869605,1.1842242684828098e-07,0.04905745716801548
3.361808253780447e-10,0.10510303468450966,0.3383271459717473,0.01453987549507497,0.0006816351988241428,0.06341072950936881,1.6136679618146147e-08,1.1799946970769369e-07,0.3480924593511637,3.642452006806038e-05,1.4287685078566902e-06,1.6372006195910776e-07,3.0256274284024023e-09,9.813118292785125e-07,6.723616507560894e-10,0.0002480429536653812,3.624029297575322e-07,0.128676766025675,3.361808253780447e-10,7.022817442147354e-07,0.0005587147141945652,0.00012091684691032436,8.105319699864657e-07,0.00019961778667380078,4.941858133057257e-08
8.748949045204662e-08,0.02290178706771641,0.005437146755965037,1.0166974425620097e-08,0.5640804757057556,1.2842494011309596e-08,4.767775901698688e-07,0.000459006253977802,2.047842690886743e-06,2.9029387504731067e-07,0.03157864102706116,0.2514921230926852,0.0016541985777314596,0.0017680213346017379,1.4581581742007772e-07,3.9383648301349433e-07,5.351039171378998e-10,1.4314029783438822e-07,0.0007042021059926476,9.096766591344298e-09,7.185803482461429e-05,9.195948102385807e-05,2.3009468436929693e-07,0.00020465557659660262,0.11955207705379968
0.0008703805489657618,4.757288606193885e-08,3.160137076859884e-05,8.649615647625246e-09,1.4271865818581658e-07,4.324807823812623e-09,0.00029825172195358993,1.7299231295250492e-07,8.550145067677556e-06,0.03554161668071804,2.5948846942875738e-08,0.001739437706737437,0.8605027527682911,0.003342211486242395,4.324807823812623e-09,2.7808514307115167e-06,0.061338476902241534,8.212377576637791e-05,8.649615647625246e-09,1.513682738334418e-07,0.0292540380741463,7.22242906576708e-06,0.0069797251755025404,1.6001788948106706e-07,1.0379538777150295e-07
