16
6
18
11
12
13
16
6
18
11
12
6
18
11
4
0
18
11
4
6
18
11
4
0
18
11
12
6
18
11
12
13
16
6
18
11
4
21
15
14
9
2
19
13
16
7
16
7
20
13
16
23
15
5
11
10
19
13
16
7
16
6
18
4
7
16
6
18
11
12
6
18
11
6
18
11
12
13
16
7
15
14
18
11
4
0
15
19
13
16
7
16
7
16
6
18
11
12
6
18
11
4
0
18
11
12
6
18
11
4
0
18
11
4
0
18
11
12
6
18
11
12
10
21
15
2
17
12
6
18
11
12
6
18
11
4
0
15
24
1
0
18
11
4
0
18
11
12
6
18
11
4
0
18
11
4
0
18
11
12
6
18
11
4
5
11
4
0
18
11
6
18
11
12
6
18
11
4
5
24
1
23
7
16
7
15
20
13
16
7
15
20
13
16
7
16
7
16
2
17
5
11
12
6
18
11
4
0
18
11
4
0
18
11
12
13
16
7
15
3
21
15
20
13
16
7
16
7
16
6
18
11
4
0
18
11
4
0
18
11
12
6
18
11
12
6
18
23
15
3
17
4
0
18
11
4
21
15
20
13
16
13
16
6
18
12
6
18
11
12
6
18
11
12
6
18
11
12
6
18
11
12
6
18
11
12
13
16
22
20
13
16
13
16
7
16
6
18
11
4
0
15
20
13
19
13
16
7
16
7
16
6
18
11
4
0
18
11
4
0
18
11
10
19
13
16
7
16
2
17
12
6
18
11
4
0
18
11
4
0
15
5
24
1
24
1
24
1
23
13
16
7
16
7
16
23
15
10
21
15
2
17
4
5
11
12
13
16
6
18
23
13
16
7
16
7
16
22
20
13
16
7
16
7
16
13
16
7
2
17
12
20
13
16
23
15
11
4
6
18
11
2
17
4
0
18
11
12
6
18
11
12
6
18
11
12
6
18
11
12
6
18
11
12
13
16
7
16
7
16
7
16
7
16
6
18
11
4
5
24
1
24
1
23
15
14
20
13
16
7
16
7
16
7
16
7
16
6
18
11
2
9
2
17
24
1
24
1
8
0
18
11
0
18
11
4
0
18
11
12
13
16
6
18
11
12
6
18
11
12
13
16
6
18
11
4
0
15
10
19
13
16
10
21
15
20
13
16
13
16
7
16
6
18
11
12
13
16
7
16
7
16
7
16
22
20
13
16
6
18
11
4
5
11
12
13
16
7
16
22
20
13
16
6
18
11
4
5
24
1
24
1
24
1
24
1
24
1
24
1
24
1
22
20
13
16
6
18
11
12
6
18
11
4
5
11
4
0
18
11
4
5
11
10
21
1
23
15
14
13
16
15
1
24
1
24
1
24
1
22
10
19
13
16
7
15
24
1
8
2
0
18
11
10
10
19
13
16
6
18
11
12
6
18
11
4
0
15
10
6
18
11
4
0
18
11
12
13
16
7
16
6
18
11
12
13
16
13
16
7
16
6
18
11
12
6
18
11
4
0
15
10
19
13
16
7
16
7
16
7
16
7
16
7
16
10
6
18
11
4
0
18
11
12
13
16
7
16
7
16
6
18
11
4
0
15
14
18
11
4
0
18
4
0
18
11
4
0
18
11
4
20
13
16
7
16
6
18
11
12
13
16
6
18
11
4
0
18
11
10
6
18
11
4
0
18
11
12
6
18
11
4
0
18
11
4
24
1
24
1
23
7
16
7
13
16
7
16
7
16
7
16
7
1
24
1
24
1
23
13
16
6
18
11
12
13
16
6
18
11
12
6
18
11
10
1
24
1
24
1
24
1
24
1
23
13
16
7
16
6
18
11
4
0
18
23
13
16
7
16
6
18
11
4
0
18
11
4
0
18
11
12
13
16
6
18
11
12
6
18
11
12
6
18
11
4
0
18
11
2
17
12
9
13
16
6
18
11
12
6
18
11
4
5
24
1
24
1
23
24
1
24
1
0
18
11
4
0
18
11
12
6
18
11
4
0
18
11
12
6
18
11
12
13
16
6
18
23
13
16
7
16
7
16
7
16
6
18
23
15
14
18
11
4
0
18
11
2
17
12
13
16
7
16
7
16
13
16
7
16
7
15
20
13
16
6
18
11
4
0
18
23
13
16
6
3
17
4
8
0
18
11
4
0
18
11
12
6
18
11
4
0
18
11
12
6
6
18
11
12
13
16
7
16
7
16
2
15
14
9
19
13
16
22
20
13
16
13
16
6
18
11
4
0
15
10
1
21
15
3
19
13
16
7
16
13
16
7
16
7
16
7
16
7
16
6
18
12
13
16
7
16
6
18
11
4
5
11
4
5
19
13
16
6
18
11
12
13
16
7
16
7
16
7
16
6
18
11
17
12
3
21
15
5
7
15
20
13
16
6
18
11
4
0
18
11
16
7
16
7
15
20
13
16
6
18
11
4
5
7
16
6
18
11
10
19
13
16
6
18
11
4
0
18
11
12
13
16
6
18
11
4
0
18
23
13
16
6
18
11
4
0
18
11
4
0
18
11
4
0
15
24
1
24
1
24
1
24
1
24
1
24
1
24
1
24
1
24
1
24
1
24
1
22
24
1
24
1
24
1
24
1
21
15
20
13
16
6
18
11
2
3
21
15
20
13
16
7
16
7
8
0
18
11
10
10
10
19
13
16
7
16
6
18
11
4
5
11
16
7
16
6
18
11
4
0
18
11
4
5
7
16
22
20
13
16
7
16
6
18
11
12
6
18
11
12
6
18
11
12
6
18
11
4
0
18
11
4
0
18
11
4
0
18
11
6
18
11
12
6
18
11
12
6
18
23
13
16
7
16
19
13
16
6
18
11
12
13
16
7
16
6
18
11
4
5
19
13
16
7
16
7
16
7
16
7
16
7
16
7
16
7
16
7
16
7
16
23
15
14
11
4
0
18
11
12
13
16
7
16
7
16
6
18
11
12
6
18
11
4
0
18
11
4
0
18
11
12
16
6
18
11
4
0
18
11
4
0
18
11
10
21
15
20
13
16
7
16
6
18
11
12
13
16
13
20
13
16
7
15
20
13
16
7
16
7
16
22
20
13
16
7
16
22
20
13
16
7
16
6
18
11
12
10
19
13
16
7
16
7
16
7
16
6
18
11
12
6
18
11
4
0
18
11
12
14
18
11
12
6
18
11
4
5
24
1
24
1
24
1
24
1
24
1
24
1
24
1
24
1
24
1
23
13
16
13
16
7
16
7
16
7
16
18
11
4
0
18
11
12
6
18
11
4
0
18
11
4
0
18
11
12
6
18
11
12
13
16
13
16
23
13
19
13
16
7
16
7
16
7
16
6
18
11
4
0
18
11
4
0
15
20
13
16
7
16
2
17
4
0
18
11
4
0
18
11
4
0
15
14
23
13
16
22
20
13
16
6
18
11
4
23
15
14
11
12
6
18
11
12
7
16
7
16
6
18
2
17
22
20
13
16
7
16
23
13
16
6
18
11
12
6
18
11
12
6
18
11
12
6
18
11
4
0
18
11
12
6
18
11
12
6
18
11
12
9
13
16
7
16
22
24
1
23
15
20
13
16
13
16
6
3
19
13
16
23
13
16
7
15
20
13
16
7
16
7
16
7
16
6
18
11
10
19
13
16
22
0
15
14
11
10
6
18
11
4
0
18
11
12
6
18
11
4
0
18
11
4
0
18
11
4
0
18
11
4
0
18
11
4
0
18
11
3
19
13
12
3
19
13
16
6
18
11
12
6
18
13
16
6
18
11
4
0
18
11
12
6
18
11
4
23
10
6
18
11
2
19
13
16
7
16
7
16
20
13
16
6
18
11
12
6
18
11
12
6
18
11
12
13
16
7
16
6
18
11
4
0
18
11
10
11
4
0
18
12
3
19
13
16
7
16
7
16
7
16
6
18
11
4
0
18
11
12
7
16
23
7
16
22
15
5
7
16
7
16
6
18
11
12
14
11
4
0
18
11
6
18
11
12
17
24
1
24
1
24
1
24
1
23
15
20
13
16
7
16
7
16
6
18
11
4
0
18
11
4
0
18
11
12
6
18
11
12
6
18
23
15
14
13
16
0
18
11
12
6
18
11
12
13
16
7
16
7
16
22
20
13
16
6
18
11
4
5
24
1
23
24
1
24
1
24
1
24
1
24
1
24
1
24
1
8
0
18
11
12
6
18
11
4
0
18
11
19
13
16
6
18
11
4
5
24
1
23
15
3
19
13
16
6
18
11
12
6
18
11
12
6
18
12
6
18
11
4
23
7
16
7
2
17
12
6
18
11
10
10
6
18
11
12
6
18
11
12
6
18
11
4
0
15
5
11
12
9
2
17
22
20
13
16
6
18
11
4
0
18
23
15
10
21
15
14
22
20
13
16
7
18
11
10
19
13
16
6
18
11
12
6
18
11
22
20
13
16
7
16
6
18
11
4
0
18
11
12
16
13
16
6
18
11
4
0
18
11
4
0
15
5
11
0
18
11
12
13
16
7
16
7
16
7
16
7
16
6
18
11
10
19
13
16
7
16
1
24
1
23
13
16
6
18
23
13
16
6
18
11
4
0
18
11
4
0
18
11
4
5
15
24
1
8
0
18
11
24
1
24
1
24
1
24
1
24
1
23
13
16
7
16
6
18
4
0
18
11
12
6
18
11
10
10
11
4
0
18
11
12
13
16
7
16
7
16
7
16
7
16
7
16
7
8
0
18
11
10
21
15
20
13
16
6
18
11
12
6
12
6
18
11
4
0
18
23
3
17
4
4
0
18
11
12
13
16
6
18
11
4
0
15
11
4
0
18
11
12
6
18
11
2
17
12
13
16
7
16
13
16
7
16
7
16
7
16
23
13
16
7
16
7
16
7
16
7
16
7
16
23
13
16
7
16
6
18
11
12
6
18
11
4
0
18
11
2
0
18
11
4
0
18
11
12
6
18
11
10
6
18
23
15
3
16
7
16
7
16
7
16
7
16
6
18
23
13
16
6
18
11
12
13
16
7
15
20
13
16
7
16
7
16
7
16
7
16
7
16
6
18
11
12
9
19
13
16
7
16
7
16
7
16
7
16
13
16
6
18
11
4
0
18
11
17
7
16
22
20
13
16
7
16
6
18
11
12
6
18
11
12
13
16
6
18
11
4
0
15
24
1
23
15
10
21
20
13
16
7
16
7
15
14
18
11
12
6
18
11
10
1
24
1
24
1
24
1
24
1
16
7
16
6
18
11
12
13
16
13
16
7
16
7
16
6
6
18
11
12
6
18
11
12
6
18
11
4
23
13
16
7
16
7
16
7
16
7
16
7
16
6
18
23
24
1
24
1
24
1
24
1
23
13
16
7
16
7
16
7
16
7
21
15
1
24
1
24
1
24
1
24
1
24
1
24
1
24
1
13
16
6
18
11
12
6
18
11
12
13
16
7
8
0
18
11
12
13
16
6
18
11
4
0
15
24
1
24
1
19
13
19
13
16
6
18
11
4
5
7
15
21
15
3
21
15
1
24
1
24
1
24
1
8
0
18
11
12
13
16
7
16
7
16
7
16
6
18
11
12
6
18
11
22
20
13
16
6
18
11
12
13
16
13
16
7
16
6
18
11
12
6
18
11
12
6
18
11
12
13
16
7
16
22
24
1
23
13
16
22
20
13
16
7
16
7
16
7
16
7
16
22
20
20
13
16
7
16
6
18
11
4
0
18
11
12
20
13
16
22
19
13
16
7
16
7
16
7
16
7
16
14
20
13
16
7
16
7
16
7
16
6
18
11
12
6
18
11
12
7
16
7
16
7
16
7
16
6
18
11
12
6
18
11
4
0
18
11
12
13
16
7
16
7
16
7
16
7
16
7
16
13
16
7
16
7
16
7
16
7
16
2
11
4
0
18
11
12
6
18
11
12
20
13
16
7
16
6
21
15
9
1
21
15
14
22
20
13
16
7
16
7
16
7
1
24
1
8
0
18
11
12
13
16
6
18
11
12
13
16
23
15
24
1
24
1
23
13
16
7
16
7
16
13
16
0
18
11
4
0
18
11
12
13
16
7
16
6
18
11
2
17
12
13
16
6
18
11
10
19
13
16
7
16
7
16
7
16
7
16
6
18
11
12
16
7
16
7
16
13
16
7
16
7
16
7
16
7
16
7
16
1
21
15
20
13
16
23
15
10
19
13
16
7
16
7
16
7
16
7
16
7
16
6
18
11
12
6
18
11
4
21
15
14
18
11
4
0
18
11
12
6
18
11
4
0
18
11
4
0
18
11
12
13
16
7
16
7
16
7
16
6
18
11
10
21
15
24
1
24
1
24
1
24
1
23
15
21
15
20
13
16
6
18
11
12
6
18
11
12
6
18
11
12
13
16
7
16
6
18
11
4
0
18
11
12
6
18
11
4
0
18
11
12
13
16
7
16
7
16
7
16
6
18
11
2
9
18
11
12
13
16
7
16
7
16
7
15
20
13
16
7
16
13
16
23
15
14
19
13
16
7
16
22
20
13
16
19
13
16
13
16
7
16
7
16
22
20
13
16
7
16
7
16
7
16
18
11
12
3
9
18
11
12
16
22
20
13
16
7
16
6
18
11
4
0
18
11
4
0
18
11
12
6
18
11
4
0
18
11
12
13
16
6
18
11
12
20
13
16
6
18
11
4
0
15
3
19
13
16
6
18
11
12
9
2
17
4
0
18
11
4
5
24
1
24
1
24
1
24
1
24
1
24
1
21
15
14
18
11
4
0
18
11
4
0
18
11
4
5
24
1
24
1
24
1
24
1
24
1
24
1
23
15
5
11
12
6
18
11
12
6
18
11
6
18
11
4
0
15
0
18
11
2
17
4
0
18
11
4
5
24
1
24
1
24
1
24
1
24
1
23
23
13
16
7
16
6
18
11
4
0
18
11
12
13
16
6
18
11
4
0
18
11
12
6
18
11
4
0
18
11
12
13
16
7
16
7
16
7
16
7
15
10
14
11
12
6
18
11
12
6
18
11
4
0
18
11
10
3
17
12
6
18
11
4
0
15
14
20
13
16
6
18
11
12
6
18
11
4
0
18
11
4
5
11
12
6
18
11
4
5
24
1
24
1
24
1
24
1
23
13
16
7
16
23
13
16
7
16
7
16
7
16
13
16
7
16
22
20
13
16
7
16
8
0
18
11
12
7
16
13
16
6
18
11
4
0
18
11
12
6
18
11
4
0
18
11
12
13
16
7
16
7
16
6
18
23
13
16
7
16
7
16
7
16
6
18
11
12
6
18
11
12
13
16
7
16
7
16
7
9
2
17
12
13
16
7
16
7
15
3
17
4
5
11
12
9
2
18
11
16
7
16
7
16
6
1
24
1
24
1
24
1
24
1
23
13
16
19
13
16
13
16
7
16
7
16
7
16
7
16
7
16
7
16
13
16
22
20
13
16
6
18
11
4
0
18
23
13
16
6
18
11
12
13
16
7
12
6
18
11
12
6
18
11
16
6
18
11
4
0
18
11
10
19
13
16
6
18
11
12
6
18
11
12
6
18
11
12
0
18
11
0
18
11
12
6
18
11
12
13
16
9
2
17
12
6
18
11
4
5
24
1
24
1
8
0
18
11
12
13
16
7
16
7
16
7
16
6
18
23
13
16
7
16
7
8
0
18
11
4
0
18
11
12
6
18
11
12
13
16
7
16
23
15
20
13
16
7
16
22
20
13
16
7
16
13
16
7
16
6
19
13
16
23
13
16
7
16
7
16
7
16
10
21
15
20
13
16
7
15
14
2
17
13
16
7
16
6
18
11
12
6
18
11
4
5
7
16
7
16
7
15
10
19
13
16
6
18
23
13
16
7
15
20
13
16
7
16
7
16
22
23
7
8
2
0
18
11
12
6
18
11
12
13
16
23
15
14
11
12
6
18
11
12
13
16
7
16
7
16
7
16
21
15
24
1
19
13
16
7
16
7
16
7
16
6
18
23
15
5
24
1
24
1
24
1
24
1
23
22
20
13
16
7
16
7
16
7
16
7
16
7
16
13
16
6
18
11
12
6
18
11
4
5
24
1
21
15
0
18
11
12
13
16
6
18
11
12
13
16
6
18
11
10
15
20
13
16
7
16
16
6
18
12
13
16
7
16
7
16
7
16
6
18
11
4
5
24
1
24
1
23
16
7
16
6
18
11
12
6
18
11
10
19
13
16
23
13
16
7
16
22
24
1
23
7
16
7
16
14
18
11
12
6
18
11
12
7
16
7
16
7
16
7
16
6
18
23
15
14
20
13
16
7
16
7
16
7
16
14
11
4
0
18
11
12
16
7
16
7
16
7
16
23
15
14
13
16
7
16
22
20
13
16
7
16
6
18
12
6
18
11
2
15
10
19
13
16
7
16
7
16
22
11
12
6
18
11
4
0
18
11
2
17
14
13
16
13
16
7
16
7
12
13
16
22
19
13
16
7
15
11
12
6
18
11
12
13
16
14
9
13
16
7
16
6
18
23
8
0
18
11
12
13
16
7
16
7
16
7
16
7
13
16
6
18
11
12
13
16
7
16
15
24
1
8
0
18
11
12
13
16
13
16
7
16
7
16
22
20
13
16
7
16
7
16
7
14
11
12
9
2
9
2
17
4
0
18
11
12
6
18
11
12
13
16
7
16
6
18
23
24
1
24
1
24
1
23
15
14
24
1
24
1
24
1
24
1
24
1
24
1
23
13
16
6
18
11
12
13
16
7
16
7
16
7
15
10
14
20
13
16
7
16
7
2
17
13
16
23
22
20
13
16
6
18
11
4
0
18
11
4
0
18
11
12
16
7
16
6
18
11
12
13
16
7
16
6
18
6
18
11
12
6
18
11
4
0
18
11
20
13
16
7
16
7
16
7
16
22
20
13
16
7
16
22
20
13
16
6
0
18
11
10
19
13
16
7
16
7
16
7
16
7
15
23
13
16
7
16
6
18
11
2
17
12
6
18
11
12
13
16
7
16
7
20
13
16
7
16
6
18
11
12
6
18
11
4
0
18
11
10
19
13
16
6
18
11
12
6
18
11
4
0
15
10
6
18
11
12
13
16
13
16
7
16
10
19
13
16
7
16
7
16
7
16
6
18
11
12
6
18
23
13
16
13
16
22
20
13
16
7
16
7
16
6
18
11
4
5
24
1
24
1
24
1
24
1
23
13
16
7
16
1
24
1
8
22
20
13
16
23
13
16
6
18
11
12
13
16
6
18
11
24
1
24
1
19
13
16
6
18
11
12
13
16
7
16
7
12
6
18
11
12
6
18
11
4
0
18
11
12
13
16
22
20
13
16
6
18
11
4
0
18
11
12
13
16
6
18
11
4
0
18
11
12
7
16
7
16
7
16
7
16
7
15
4
0
18
11
12
6
18
11
12
6
18
11
4
5
24
1
24
1
24
1
24
1
24
1
24
1
24
1
24
1
23
15
20
13
16
7
16
7
16
7
16
7
16
6
18
11
4
8
0
18
11
12
13
16
6
14
18
11
4
0
18
11
4
23
15
5
16
6
18
23
13
16
6
18
11
12
6
18
11
12
6
18
23
24
1
24
1
8
0
18
11
4
5
11
4
5
11
12
6
18
11
12
6
18
11
4
15
3
19
13
16
7
16
6
18
11
12
13
16
7
16
7
16
7
16
7
16
13
16
7
16
6
18
11
4
0
18
11
12
6
18
11
12
6
18
11
4
0
18
11
12
13
16
7
16
6
18
11
10
19
13
16
12
20
13
16
7
16
6
18
11
12
6
18
11
4
0
18
11
12
13
16
7
16
0
15
10
21
15
10
10
21
15
3
19
13
16
6
18
11
4
0
15
10
21
15
3
17
12
6
18
11
4
0
18
11
2
0
18
11
12
6
18
11
2
17
12
13
16
7
16
7
16
5
7
16
7
16
7
16
7
16
6
18
11
12
13
16
7
16
7
16
7
16
23
13
16
6
18
11
12
13
16
7
2
18
23
15
10
19
13
16
7
16
7
16
13
16
7
15
14
23
7
16
7
16
6
18
11
12
6
18
23
15
2
17
12
6
18
11
12
16
7
16
6
18
11
4
0
18
11
4
0
15
20
13
16
7
16
7
16
7
16
6
18
11
10
11
4
0
18
11
2
17
12
13
16
7
16
14
23
15
1
24
1
24
1
23
15
3
17
12
6
18
11
4
0
18
11
12
13
16
7
16
7
16
7
16
13
16
7
16
7
16
13
16
7
16
7
16
6
18
11
12
13
16
24
1
24
1
23
15
3
17
12
13
16
7
16
7
16
6
18
23
7
16
7
16
7
16
7
16
7
16
6
18
4
0
18
11
4
0
18
11
4
0
18
11
12
13
16
6
18
11
12
6
18
11
12
13
16
7
12
3
19
13
16
7
2
17
7
16
7
16
7
8
0
18
11
12
13
16
7
12
6
18
11
12
6
18
11
12
7
16
7
16
7
16
7
16
7
16
22
20
13
16
7
16
6
18
11
4
0
18
11
4
0
18
11
12
6
18
11
12
6
18
11
4
0
18
11
4
6
18
11
12
6
18
11
12
3
17
12
6
18
4
0
18
11
12
13
16
6
18
11
2
18
11
6
18
11
12
13
16
7
16
6
18
11
12
13
16
7
20
13
16
6
18
11
4
5
7
16
7
16
7
16
6
18
11
4
0
18
11
12
6
18
11
12
3
19
13
16
6
18
11
4
5
24
1
8
0
18
11
4
0
18
11
12
6
18
11
4
0
18
11
4
21
15
20
13
16
6
18
11
4
0
15
14
11
12
13
16
22
19
13
16
6
18
11
12
13
16
6
18
11
4
0
15
23
15
14
18
11
12
13
16
0
18
11
2
17
12
13
16
11
4
6
18
11
12
6
18
11
12
13
16
7
16
6
6
18
11
4
5
24
1
23
15
23
15
3
19
13
16
7
16
6
18
11
12
6
18
11
12
13
16
7
16
6
18
11
4
0
18
4
0
18
11
12
6
18
11
2
0
18
11
4
0
18
11
4
0
15
14
23
15
14
18
11
12
13
16
7
16
22
16
7
16
7
16
7
15
14
9
2
0
18
11
10
21
15
14
11
4
0
15
14
20
13
16
6
18
11
4
5
12
6
18
11
12
6
18
11
2
17
12
13
16
13
16
7
16
6
18
11
12
10
19
13
16
6
18
11
12
13
16
7
16
7
16
7
16
2
17
12
6
18
2
17
11
12
6
18
11
4
0
18
11
12
6
18
11
2
17
7
16
6
3
19
13
16
6
18
11
4
4
5
7
16
6
18
23
24
1
23
7
16
7
16
7
15
10
19
13
16
7
8
0
18
11
12
13
16
7
16
6
18
11
4
5
11
4
0
18
11
12
6
18
11
12
6
18
11
12
6
18
11
14
11
4
0
15
23
13
16
7
16
22
20
13
16
7
14
18
11
12
13
16
7
16
6
18
11
4
0
18
11
4
0
18
11
16
6
18
11
4
0
15
20
13
16
23
13
16
7
16
7
16
6
18
11
12
6
18
11
4
0
18
11
4
0
18
11
4
5
11
4
5
24
1
24
1
23
13
16
7
16
7
16
7
16
7
16
7
16
7
15
3
19
13
16
23
13
16
7
16
6
18
11
12
6
18
11
12
13
16
7
16
6
18
11
12
13
16
7
16
6
18
11
12
7
16
6
18
11
12
6
18
11
12
6
18
11
12
13
16
23
13
16
7
16
23
13
16
7
16
6
18
11
12
6
18
11
12
6
18
11
4
5
7
16
7
16
7
16
6
18
11
12
7
16
6
18
11
4
0
18
11
12
13
16
7
2
17
12
6
18
11
12
16
7
16
20
13
16
7
16
6
18
11
12
13
16
7
16
23
22
20
13
16
7
16
7
16
7
16
22
20
13
16
7
16
7
16
7
16
6
18
11
12
6
18
11
4
0
15
14
8
0
18
11
12
6
18
11
12
7
16
6
18
11
12
6
18
11
24
1
24
1
24
1
24
1
23
7
16
7
8
0
15
11
10
19
13
16
7
15
20
13
16
7
8
0
18
2
14
18
11
12
6
18
11
16
7
15
20
13
16
13
16
7
16
7
16
23
23
15
5
7
16
7
16
9
9
2
17
4
0
18
11
12
13
16
6
18
11
12
13
16
7
16
7
16
2
3
17
12
6
18
12
6
18
11
4
0
18
11
12
13
16
7
16
7
16
6
18
11
12
6
18
11
12
13
16
7
15
16
7
16
7
16
23
15
14
23
7
16
7
16
6
18
11
4
0
18
11
12
13
16
7
16
6
18
11
12
16
6
18
11
4
0
18
11
4
0
18
11
12
6
18
11
12
6
18
11
12
6
18
11
12
13
16
6
18
11
10
19
13
16
7
16
7
16
7
16
7
16
7
15
14
11
12
6
18
11
12
6
0
15
14
11
12
6
18
11
4
0
18
11
12
6
18
11
4
0
18
11
10
10
14
9
18
23
15
20
13
16
6
18
11
12
6
18
23
15
15
20
13
16
7
13
16
6
18
11
12
16
6
18
11
4
0
15
5
7
16
7
16
7
16
7
16
22
23
15
5
11
12
13
16
7
16
7
16
6
18
11
4
0
18
11
2
9
2
17
4
6
18
11
4
5
11
12
6
18
11
12
7
16
7
16
6
18
11
12
0
18
11
4
0
18
11
12
6
18
11
4
0
18
11
2
14
18
11
4
0
18
11
10
10
21
15
14
13
16
6
18
11
12
6
18
11
12
13
16
7
16
7
16
7
8
0
18
11
4
0
15
23
13
16
22
20
13
16
6
18
11
10
21
15
5
11
4
0
15
5
21
15
3
21
15
3
19
13
16
7
16
7
16
6
18
11
12
13
16
7
16
7
16
22
24
1
23
13
16
7
16
7
16
7
16
7
16
6
18
11
12
13
16
7
16
7
16
6
18
11
4
0
15
20
13
16
22
23
13
16
22
20
13
16
7
16
7
16
6
18
11
12
13
16
7
16
6
18
11
4
0
18
11
4
0
18
11
2
24
1
24
1
24
1
24
1
24
1
24
1
24
1
24
1
23
13
16
7
8
0
18
11
4
0
18
11
12
13
19
13
16
7
16
7
16
2
17
13
16
7
16
6
18
11
4
0
15
14
22
20
13
16
6
18
11
12
13
16
7
15
20
13
16
6
18
11
12
13
16
6
18
11
12
6
18
11
4
0
18
11
12
13
16
7
16
7
16
7
16
7
16
7
16
7
16
7
16
7
16
7
16
6
18
11
12
6
18
12
6
18
16
7
16
7
1
24
1
24
1
24
1
24
1
24
1
23
15
4
0
18
2
17
12
6
18
11
12
13
16
7
1
24
1
24
1
24
1
19
13
16
22
20
13
16
7
16
7
16
7
16
6
18
11
2
17
12
6
18
11
16
13
16
6
18
11
16
7
16
23
13
16
23
13
16
13
16
7
16
7
16
7
16
13
16
7
15
14
20
13
16
7
16
6
18
11
4
0
18
23
7
16
2
17
12
6
18
11
10
22
20
13
16
7
16
13
16
7
16
7
16
23
13
16
7
16
6
3
19
13
16
7
12
13
16
7
16
7
15
14
11
12
16
7
16
13
16
13
16
7
16
7
16
6
18
11
12
7
16
13
16
7
16
13
16
22
20
13
16
7
16
13
16
7
16
6
18
23
15
14
13
16
7
4
5
11
12
6
18
11
2
3
19
13
16
7
16
22
20
13
16
6
18
11
4
0
18
11
4
0
18
11
4
0
18
4
0
18
11
4
0
18
11
24
1
24
1
24
1
23
13
16
22
0
18
11
12
9
2
9
13
16
6
18
11
12
6
18
11
12
6
18
11
12
6
18
11
12
10
19
13
16
7
16
7
16
7
16
6
18
23
13
16
7
16
7
16
6
18
11
12
6
18
23
15
20
13
16
7
16
6
18
11
4
0
15
24
1
24
1
24
1
24
1
24
1
24
1
24
1
24
1
13
16
6
18
11
4
0
18
11
2
17
12
13
16
7
16
6
18
11
4
0
18
11
4
0
18
11
12
6
18
23
4
0
18
11
6
18
11
4
23
13
16
6
18
11
12
6
18
11
12
6
18
11
12
6
18
11
2
17
4
0
18
11
12
9
2
17
12
13
16
22
20
13
16
1
8
0
18
11
12
6
18
11
12
13
16
7
16
7
16
6
18
11
4
0
18
12
13
16
7
16
6
18
11
4
0
18
11
12
13
16
7
16
6
18
11
10
21
15
14
13
16
7
15
20
13
16
7
16
13
16
7
16
7
16
13
19
13
16
6
18
11
12
13
16
7
16
7
16
13
16
22
20
13
16
7
16
7
16
7
16
13
16
7
16
5
11
12
13
16
7
16
6
18
11
10
19
13
16
7
16
6
18
11
12
6
18
11
4
0
18
11
12
13
16
6
0
18
11
12
6
18
11
10
19
13
16
7
16
7
16
7
16
7
16
7
18
11
12
6
18
11
12
6
18
11
4
0
18
11
12
6
18
11
12
6
18
12
6
18
11
12
6
18
11
4
0
18
11
12
6
18
11
12
13
16
7
16
7
16
7
16
7
16
6
18
11
12
13
16
6
18
11
12
6
18
11
12
6
18
11
12
7
16
6
1
24
1
24
1
24
1
24
1
24
1
24
1
24
1
9
18
11
4
0
15
20
13
16
6
18
11
4
0
18
11
4
0
15
24
1
24
1
24
1
24
1
24
1
24
1
24
1
24
1
24
1
24
1
23
13
16
7
16
7
16
7
16
22
20
13
16
23
13
16
6
18
11
12
9
2
9
13
16
7
16
7
16
7
16
6
18
11
4
0
18
11
4
0
18
11
4
0
15
23
13
16
7
16
7
16
23
13
16
7
16
7
16
7
16
7
16
6
18
11
12
16
6
18
11
10
19
13
16
7
16
7
15
14
18
23
15
14
18
11
12
13
16
7
16
22
20
13
16
6
18
11
2
11
4
0
18
11
4
0
18
23
7
16
7
16
7
16
7
16
0
18
11
2
0
18
11
4
0
18
11
24
1
24
1
24
1
23
24
1
24
1
24
1
23
15
14
18
23
15
14
18
11
4
0
18
11
6
18
11
12
6
18
11
17
12
13
16
7
16
7
16
7
16
22
0
18
11
4
0
18
23
13
16
7
16
8
9
2
15
14
9
2
17
12
6
18
11
12
7
16
7
16
7
16
6
18
11
4
0
18
11
12
6
18
11
16
6
18
11
12
6
18
11
12
4
0
18
11
12
7
16
7
16
13
16
6
18
11
12
6
12
6
18
23
15
11
10
6
18
11
4
0
18
11
4
0
18
11
12
6
18
22
23
13
16
14
18
11
12
13
16
6
18
11
4
0
18
11
10
19
13
16
7
16
7
16
6
18
11
12
13
16
10
19
13
16
6
18
11
12
13
16
6
18
11
10
16
7
16
6
18
11
12
6
18
11
2
17
11
12
13
16
7
16
7
16
7
16
7
16
6
18
11
4
0
18
11
6
18
11
12
7
15
14
19
13
16
7
16
7
16
6
18
11
12
9
2
17
7
16
7
16
6
18
11
4
0
18
11
4
0
18
11
12
13
16
13
16
6
18
11
4
0
18
11
12
13
16
7
16
6
18
11
4
0
15
14
23
15
11
12
6
18
11
12
6
18
11
12
6
18
11
6
18
23
15
5
24
1
24
1
24
1
23
15
3
19
13
16
7
16
7
15
20
13
16
7
16
6
18
11
12
6
18
11
2
17
12
6
18
11
2
9
13
16
7
16
8
0
18
11
12
6
18
11
4
0
18
11
10
19
13
16
7
16
6
18
11
12
13
16
6
18
11
12
7
16
7
16
7
16
21
15
5
7
15
24
1
24
1
24
1
8
0
18
11
4
5
11
12
6
18
11
12
13
16
13
16
6
18
11
4
0
18
11
12
13
16
7
16
7
16
7
16
7
16
7
15
3
19
13
16
7
16
7
16
7
16
13
19
13
16
6
18
11
4
0
15
14
18
11
4
0
18
11
4
0
18
11
10
10
19
13
16
6
18
11
12
13
16
7
16
7
16
6
18
11
4
5
11
12
9
2
17
4
0
18
11
12
6
18
11
4
0
18
11
12
6
18
11
12
6
18
11
12
7
16
7
16
7
16
7
16
7
16
13
0
18
11
4
5
12
13
16
6
18
11
12
6
18
11
12
6
18
11
4
5
24
1
0
18
11
12
13
16
6
18
11
12
3
19
13
16
6
18
11
4
6
18
11
4
0
18
11
12
6
18
11
12
9
18
11
12
6
18
11
12
6
18
11
2
17
5
11
4
0
18
11
4
5
11
4
0
18
11
4
0
18
11
10
19
13
16
7
16
7
16
7
16
22
20
13
16
7
16
7
16
6
18
23
7
16
6
18
11
12
6
18
11
12
6
18
11
12
13
16
7
16
7
16
7
16
7
16
7
16
7
16
7
16
6
18
11
2
17
12
13
16
0
18
11
4
0
18
11
12
6
18
20
13
16
13
16
6
18
11
4
0
18
11
4
0
18
23
13
16
7
16
7
16
7
16
13
16
22
19
13
16
7
16
7
16
23
7
16
6
18
11
10
6
18
11
12
6
18
11
12
6
18
11
12
6
18
11
12
13
16
2
9
2
20
13
16
7
16
7
16
7
16
7
16
6
18
11
12
6
18
11
4
0
18
11
12
13
16
6
18
11
12
9
2
3
20
13
16
7
16
7
16
7
16
6
18
11
12
13
16
6
18
11
2
0
18
11
12
6
18
11
12
19
13
16
7
16
6
18
11
12
6
18
11
4
0
18
11
12
6
18
11
4
0
18
11
4
0
18
11
4
0
18
11
12
13
16
7
16
13
16
7
16
7
16
7
16
6
18
11
4
0
15
14
14
13
16
7
12
13
16
6
21
15
5
24
1
24
1
24
1
23
13
16
6
18
11
12
6
18
11
4
5
11
12
19
13
16
13
16
7
15
14
9
2
17
14
18
11
12
13
16
6
18
11
12
6
18
4
0
18
11
12
6
18
11
12
7
16
13
16
6
18
11
12
13
16
7
16
7
16
7
16
22
23
15
20
13
16
7
15
2
3
19
13
16
6
18
11
12
6
18
11
4
0
18
11
12
13
16
22
24
1
24
1
23
13
16
7
16
6
18
11
12
7
16
7
16
22
20
13
16
6
18
11
12
6
18
11
12
6
18
11
4
0
18
11
4
0
18
11
4
0
18
11
4
0
18
11
12
6
18
11
4
0
18
11
10
19
13
16
7
16
7
16
6
18
11
4
0
15
20
13
16
6
18
11
12
6
18
11
12
6
18
12
6
18
11
4
0
18
11
12
6
18
11
12
7
16
7
15
24
1
24
1
24
1
24
1
24
1
21
15
5
7
16
7
16
6
18
11
12
6
18
11
4
0
18
11
4
5
24
1
24
1
24
1
24
1
24
1
24
1
8
5
11
4
0
18
11
12
6
18
11
12
6
18
11
4
0
18
11
4
5
16
13
16
22
24
1
23
13
16
0
18
11
12
6
18
11
10
19
13
16
6
18
11
4
8
0
18
11
12
13
16
6
18
11
4
0
18
11
2
13
16
6
18
11
12
6
18
11
12
13
16
7
16
7
16
13
16
6
18
11
4
0
18
11
12
13
16
7
16
13
16
7
15
14
13
16
7
15
11
12
8
0
18
13
16
7
16
7
16
7
16
22
20
13
16
7
16
13
16
7
16
7
16
6
18
11
4
21
15
20
13
16
6
18
11
12
13
16
7
16
7
16
7
16
7
16
7
16
7
16
12
5
11
12
13
16
6
18
11
12
6
18
11
12
13
16
6
18
11
12
13
16
7
16
7
16
6
18
11
4
5
7
16
7
13
16
7
16
6
0
18
11
12
9
2
17
12
13
16
7
16
6
18
11
12
13
16
6
18
11
4
10
19
13
16
6
18
11
12
13
16
7
16
22
24
1
24
1
24
1
24
1
24
1
24
1
24
1
23
15
23
15
10
21
15
7
16
7
16
7
16
7
16
7
16
7
16
7
16
13
16
7
16
9
18
11
4
0
15
14
1
4
0
18
11
4
0
15
14
9
18
11
12
13
16
7
16
7
15
5
24
1
24
1
24
1
24
1
24
1
24
1
24
1
23
13
16
7
16
6
18
23
15
14
9
2
17
20
13
16
6
18
11
12
6
18
11
4
0
18
11
2
17
12
7
1
21
15
10
21
15
14
13
16
13
16
7
2
17
12
6
18
11
4
0
18
11
4
0
15
5
24
1
23
13
16
6
18
11
12
6
18
11
4
0
18
11
4
5
24
1
24
1
24
1
6
18
11
12
6
18
11
12
13
16
6
18
11
4
5
24
1
23
13
16
6
18
11
12
6
18
11
10
19
13
16
7
16
6
18
11
2
17
12
13
16
7
15
23
13
16
13
16
13
16
6
18
11
12
7
16
7
16
7
16
7
16
6
18
11
12
7
16
7
16
17
4
5
23
13
16
6
18
11
12
6
18
23
13
16
13
16
13
16
6
18
11
12
6
18
11
4
5
11
10
19
13
16
7
16
22
20
13
16
22
20
13
16
14
13
16
6
18
23
24
1
24
1
24
1
23
13
16
6
18
11
4
0
15
11
4
0
18
11
12
6
18
11
4
0
18
23
15
3
19
13
16
7
16
7
16
7
16
7
16
7
16
7
16
2
17
22
24
1
24
1
24
1
9
18
11
12
13
16
7
16
7
16
6
18
11
12
6
18
11
4
5
11
10
19
13
16
7
16
7
16
13
16
2
0
18
11
12
6
18
11
4
0
18
11
12
15
5
11
4
0
18
11
12
6
18
11
12
7
16
7
16
13
16
6
18
11
4
0
18
11
4
0
15
5
11
12
7
16
7
16
7
16
6
18
4
0
18
11
4
0
18
12
6
18
11
4
0
18
11
12
6
18
11
12
6
18
11
12
5
11
12
6
18
11
12
13
16
7
16
7
16
22
20
13
16
7
16
6
18
11
12
6
18
11
4
0
15
20
13
16
7
16
9
18
11
12
13
16
15
10
19
13
16
7
16
7
8
0
18
11
6
18
11
12
6
18
11
4
0
18
11
12
13
16
14
9
2
0
15
24
1
23
13
16
6
18
11
6
18
11
4
0
18
11
12
6
18
2
9
8
0
18
11
12
13
16
7
16
7
16
13
16
7
16
22
19
13
16
6
18
11
12
6
18
11
12
13
16
6
18
11
12
13
16
6
18
11
12
6
18
11
12
6
18
11
22
20
13
16
15
20
13
16
6
18
11
4
0
18
11
12
9
8
0
18
11
4
0
18
11
12
13
16
6
18
11
16
23
13
16
6
18
11
4
0
18
11
4
6
18
23
13
16
6
18
11
4
0
18
11
12
13
16
6
18
11
4
0
15
10
23
13
16
7
16
7
16
7
16
7
16
7
16
6
18
11
12
13
16
7
16
7
16
7
16
7
16
7
16
7
16
7
16
7
16
7
16
6
18
11
4
5
11
12
6
18
23
13
16
6
18
11
12
13
16
23
7
16
7
16
6
18
11
4
0
18
11
12
13
16
7
16
7
16
7
16
6
18
11
4
0
18
11
4
0
18
11
4
0
15
5
11
12
6
18
11
4
0
15
5
24
1
24
1
24
1
24
1
24
1
19
13
16
7
16
6
18
11
4
0
18
11
12
13
16
7
16
7
16
7
16
12
6
18
11
4
0
15
10
21
15
20
13
16
6
18
23
13
16
13
16
7
8
0
15
23
13
16
7
16
7
15
20
13
16
6
18
23
13
16
7
16
6
18
11
12
13
16
8
0
18
11
12
6
18
11
4
0
18
11
2
9
2
6
18
11
12
6
18
11
2
9
3
19
13
16
23
13
16
7
16
7
16
7
16
7
16
7
16
6
18
11
12
13
16
7
16
7
16
7
16
23
22
20
13
16
13
16
6
18
11
4
0
18
11
10
14
20
13
16
12
6
18
11
10
19
13
16
7
16
6
18
11
12
6
18
11
12
6
18
11
12
6
18
11
12
6
18
11
12
6
18
11
12
6
18
11
4
0
18
11
12
7
16
7
16
7
16
6
18
11
4
0
18
11
12
6
18
11
12
6
18
11
4
0
18
11
12
6
18
11
12
14
9
23
15
14
19
13
16
13
16
6
18
11
12
6
18
4
0
18
11
2
17
12
13
16
13
16
7
16
6
18
11
10
19
13
16
13
16
6
18
23
15
20
13
16
7
16
21
15
14
11
4
0
18
11
12
6
18
11
12
6
18
11
12
6
18
11
4
0
18
12
6
18
11
4
5
24
1
24
1
23
13
16
7
16
7
16
6
18
11
4
5
7
16
7
16
7
16
6
18
11
12
13
16
7
16
6
18
11
4
0
18
11
4
0
18
11
12
6
18
11
4
21
15
5
11
4
0
18
11
10
7
16
7
16
7
16
7
16
13
16
7
16
6
18
11
10
21
15
14
23
13
16
7
16
6
18
11
12
6
18
11
12
6
18
11
12
13
16
7
16
13
16
7
16
7
16
6
18
11
12
13
16
23
15
14
19
13
16
6
0
18
11
12
17
14
18
2
18
11
4
0
15
14
18
11
4
0
18
23
13
16
23
7
16
7
16
7
16
22
20
13
16
13
16
7
16
7
16
22
20
13
16
7
16
7
16
7
16
6
10
19
13
16
6
18
11
12
13
16
7
1
24
1
24
1
24
1
24
1
24
1
23
15
24
1
23
15
14
18
11
12
6
18
11
12
13
16
6
18
11
12
13
16
7
16
22
20
13
16
13
16
7
16
6
18
11
12
13
16
7
16
7
15
14
9
2
17
12
16
7
16
7
16
7
13
16
7
15
14
20
13
16
7
16
7
16
6
18
11
12
6
18
11
12
13
16
7
16
7
16
13
16
6
18
23
13
16
7
16
13
16
7
16
7
16
7
16
7
16
6
18
23
15
20
13
16
13
16
7
16
7
16
13
16
7
16
7
16
7
16
7
15
3
21
15
20
13
16
7
16
7
18
23
13
16
7
16
13
16
7
16
14
6
18
11
12
6
18
11
4
0
15
14
19
13
16
7
16
13
16
6
18
11
12
6
18
11
4
0
18
11
4
5
24
1
24
1
24
1
24
1
24
1
21
15
14
18
11
4
0
18
23
13
16
6
18
11
4
0
18
11
10
21
15
14
11
12
13
16
23
13
16
7
16
15
3
19
13
16
7
16
7
16
13
16
7
16
0
18
12
7
16
7
16
6
18
11
12
6
18
11
2
17
12
6
18
23
15
20
13
16
7
15
5
24
1
23
15
3
19
13
16
7
16
6
18
11
4
0
18
11
4
0
18
11
10
2
21
15
7
16
7
16
13
16
7
16
21
15
10
19
13
16
6
18
11
4
0
15
14
20
13
16
6
18
11
12
6
18
11
12
6
6
18
11
12
13
16
7
16
7
16
7
16
22
23
13
16
7
16
22
20
13
16
23
13
16
13
16
7
16
7
16
7
16
6
18
11
12
13
16
23
13
16
7
16
7
16
7
16
7
16
7
16
6
18
11
4
0
18
11
12
13
16
7
2
17
12
6
18
11
12
13
16
6
18
11
4
0
18
11
12
6
18
11
12
13
16
7
16
7
16
7
16
6
18
11
4
0
18
11
12
13
16
6
18
11
2
17
7
16
6
18
11
4
0
18
11
4
0
18
18
11
12
6
18
11
15
20
13
16
7
16
13
16
7
2
17
12
6
18
11
10
19
13
16
7
16
7
16
7
16
7
1
24
1
23
15
0
18
11
4
0
18
11
4
0
18
11
12
6
18
11
4
0
18
11
2
17
12
6
18
11
12
13
16
7
15
5
11
4
21
15
20
13
16
6
18
11
0
18
11
4
5
11
4
0
18
11
12
6
18
23
13
16
7
16
7
16
23
13
16
0
18
11
12
6
18
11
4
0
18
11
12
13
16
7
16
6
18
22
23
13
16
6
18
11
12
6
18
11
4
0
18
11
4
0
15
24
1
24
1
24
1
24
1
24
1
24
1
19
13
16
7
16
7
16
7
16
6
18
11
12
13
16
7
8
9
2
17
14
18
11
10
19
13
16
6
18
11
12
6
18
11
4
0
18
11
4
0
18
11
12
9
2
0
18
11
4
0
18
11
12
6
18
11
12
6
18
11
6
18
11
12
6
18
12
6
18
23
7
15
10
18
11
4
0
18
11
4
0
18
11
6
0
18
11
4
0
18
11
12
16
7
16
22
19
13
16
7
16
13
16
22
20
13
16
7
16
6
18
11
12
6
18
11
12
13
16
7
16
7
16
6
18
11
10
21
15
14
9
2
23
15
14
11
12
6
18
11
4
0
15
20
13
16
6
18
11
22
0
18
11
4
5
24
1
24
1
24
1
24
1
24
1
24
1
24
1
0
18
11
12
16
6
18
11
12
13
16
7
16
7
16
7
15
20
13
16
13
16
7
16
7
16
7
16
7
16
7
16
7
16
7
24
1
23
13
16
7
15
5
24
1
24
1
24
1
24
1
24
1
24
1
24
1
24
1
24
1
23
15
5
11
12
6
18
11
4
0
18
11
12
0
18
11
17
12
6
18
23
13
16
7
16
7
16
7
16
6
18
11
4
0
18
11
4
0
18
11
12
6
18
11
12
13
16
7
16
22
19
13
16
7
16
6
18
11
4
0
18
11
12
9
2
17
12
13
19
13
16
7
16
7
16
7
16
13
16
7
16
22
20
13
16
6
18
11
12
13
16
7
16
7
16
7
15
14
9
19
13
16
7
16
7
16
7
16
6
18
11
4
0
18
11
12
7
16
6
18
11
12
0
18
11
4
0
18
11
4
5
11
12
13
16
6
18
11
12
6
18
11
6
18
23
13
16
6
18
11
4
5
24
1
24
1
24
1
23
15
14
19
13
16
7
16
2
6
18
11
12
6
18
11
12
13
16
7
16
6
18
11
4
5
24
1
24
1
24
1
21
15
18
11
12
6
18
11
4
0
18
11
4
0
18
11
4
0
15
10
19
13
16
7
16
6
18
11
4
5
11
12
6
18
11
12
7
16
7
16
6
18
23
13
16
20
13
16
7
16
7
16
7
21
6
18
11
12
13
16
7
16
7
16
6
18
11
4
5
24
1
24
1
13
16
7
16
6
18
11
12
6
18
11
12
6
18
11
4
0
18
11
4
0
18
11
6
18
11
4
5
11
24
1
24
1
24
1
23
24
1
24
1
24
1
24
1
24
1
24
1
24
1
23
15
3
19
13
16
6
18
11
4
0
18
11
12
7
16
7
16
7
16
7
16
13
16
23
13
16
22
20
13
16
23
15
11
10
19
13
16
7
1
24
1
23
7
16
6
18
11
24
1
24
1
23
13
16
13
16
6
18
11
4
0
18
11
4
0
18
11
12
6
18
11
2
17
22
20
13
16
7
16
7
16
7
16
22
20
13
16
7
16
7
16
6
18
11
10
6
18
11
10
21
15
24
1
24
1
23
13
16
6
18
11
12
6
18
11
12
6
18
11
2
9
2
17
12
6
18
11
12
13
16
7
16
6
18
11
4
5
24
1
8
0
15
10
19
13
16
7
16
7
16
7
16
7
16
6
18
11
4
0
18
11
12
6
18
11
10
21
11
12
24
1
24
1
23
13
16
7
11
4
0
18
11
12
13
16
7
16
7
16
7
16
7
16
7
16
7
16
6
18
11
12
13
16
7
16
7
16
7
16
7
16
23
15
24
1
24
1
24
1
8
0
18
11
4
0
18
11
4
0
18
11
4
0
18
11
6
18
11
12
7
16
6
18
11
4
0
18
11
10
21
15
20
13
16
7
16
7
16
7
16
6
18
11
12
13
19
13
16
7
16
6
18
11
12
6
18
11
4
0
18
11
10
19
13
16
22
20
13
16
7
16
7
16
6
18
11
4
0
18
11
4
0
18
11
12
6
18
11
12
24
1
24
1
24
1
21
15
10
19
13
16
6
0
18
11
12
13
16
7
16
7
16
7
16
7
16
7
16
6
18
11
12
6
6
18
11
4
21
15
11
12
6
18
11
4
0
18
11
12
6
18
11
4
0
18
11
4
0
18
11
16
15
14
18
23
7
16
6
18
11
16
7
16
7
16
7
16
7
16
7
16
7
16
13
16
6
18
11
4
0
18
11
12
6
18
11
4
0
18
11
4
5
24
1
24
1
24
1
23
13
16
6
18
11
12
6
18
11
12
6
18
11
12
6
18
11
12
6
18
11
4
0
18
11
4
5
11
4
0
18
11
4
0
18
11
4
0
18
11
17
4
0
18
11
4
0
18
11
12
6
18
2
17
12
13
16
7
16
7
16
6
18
11
4
0
18
2
17
4
0
18
11
12
6
18
11
2
17
12
6
18
11
12
6
18
11
4
0
18
11
2
1
24
1
23
7
16
6
18
11
12
13
16
7
16
7
16
7
16
6
18
11
12
6
18
11
10
21
15
5
24
1
24
1
24
1
24
1
23
24
1
22
4
0
18
11
12
7
16
13
16
7
16
6
18
11
12
13
16
7
16
13
16
6
18
11
12
6
18
11
4
5
11
4
0
18
11
12
6
18
11
12
6
18
11
12
13
16
22
24
1
24
1
24
1
23
13
16
7
16
7
16
6
18
11
6
18
11
12
9
2
17
7
16
13
16
7
16
7
16
7
16
7
16
7
16
7
16
22
20
13
16
7
16
2
17
4
0
15
20
13
16
13
16
6
18
11
4
0
18
11
12
20
13
16
7
16
6
18
11
12
6
18
11
12
13
16
18
10
21
15
14
18
11
4
0
15
20
13
16
0
18
11
4
0
18
11
12
6
18
11
12
13
16
6
18
23
13
16
7
16
6
18
23
15
5
11
4
0
15
13
16
7
15
3
19
13
16
7
16
7
12
16
13
16
7
16
13
16
13
16
6
18
11
12
13
16
7
16
6
18
11
10
19
13
16
6
18
11
4
0
18
11
12
6
18
11
4
0
18
11
12
13
16
7
16
6
0
18
11
4
0
18
11
12
6
18
11
12
13
16
7
16
7
16
7
16
13
16
6
18
11
12
13
16
7
16
6
18
11
12
6
18
22
20
13
16
7
16
7
16
7
16
7
16
7
16
7
16
7
16
7
16
6
18
11
2
17
12
13
16
7
16
6
18
23
15
14
18
11
4
0
18
11
2
17
23
13
16
6
18
11
4
0
18
11
12
6
18
11
2
16
7
16
6
18
11
4
0
18
11
4
0
18
11
4
0
18
11
12
13
16
13
19
13
16
6
18
11
12
7
16
7
16
7
16
7
16
7
16
23
15
20
13
16
6
18
11
4
0
18
11
12
13
16
7
16
7
16
7
16
13
16
7
16
6
18
11
4
0
18
11
4
0
18
11
4
5
11
12
6
18
11
4
0
18
11
6
18
11
12
6
18
11
4
0
18
11
12
6
18
11
4
0
15
14
23
13
16
14
11
10
10
23
13
16
6
18
12
6
18
11
4
0
18
11
4
5
7
16
6
18
11
2
17
13
16
7
16
13
16
17
12
6
18
11
4
5
24
1
21
15
23
15
10
19
13
16
6
18
11
4
0
18
11
12
6
18
23
24
1
8
0
18
11
4
11
12
13
16
7
15
20
13
16
7
16
7
16
7
16
7
16
23
13
16
23
15
10
21
1
24
1
24
1
24
1
24
1
24
1
24
1
24
1
24
1
24
1
24
1
23
13
16
15
20
13
16
13
16
6
18
11
4
0
18
11
12
13
16
1
21
16
6
18
11
12
6
18
11
4
0
18
11
12
6
18
11
4
0
18
23
15
24
1
24
1
24
1
8
21
15
10
19
13
16
7
14
11
12
6
18
11
12
4
0
18
11
4
21
15
10
21
15
24
1
23
7
16
14
18
11
4
0
18
11
12
13
16
7
16
7
16
7
16
6
18
11
4
0
18
11
10
10
19
13
16
13
16
23
13
16
6
18
11
6
18
11
12
13
16
7
16
7
16
7
16
7
20
13
16
7
16
7
16
7
16
6
18
11
10
19
13
16
13
16
13
16
7
15
10
19
13
16
6
18
11
4
0
15
0
15
1
24
1
23
13
16
13
16
7
16
7
16
7
16
7
16
7
16
6
18
11
12
6
18
11
12
6
18
11
4
0
18
11
12
6
18
11
12
13
16
7
16
6
18
23
24
1
24
1
24
1
24
1
23
15
14
13
16
7
16
7
16
6
18
11
12
13
16
7
16
7
16
7
16
6
18
11
12
13
16
7
16
9
2
17
11
12
6
18
11
12
6
18
23
24
1
23
13
16
6
18
11
12
13
16
2
17
14
22
11
4
0
18
11
2
17
12
6
18
11
4
0
18
11
12
16
7
16
7
16
7
16
7
16
7
16
7
16
7
16
19
13
16
13
16
7
16
6
18
11
12
6
18
11
4
0
18
11
12
13
16
7
16
6
18
11
4
0
18
23
15
14
13
16
6
18
23
24
1
24
1
21
15
9
2
17
12
13
16
7
16
7
8
9
18
22
20
13
16
6
18
11
12
6
18
11
12
13
16
7
16
22
24
1
23
15
5
7
16
7
16
6
18
11
4
0
18
11
10
21
15
14
13
16
23
8
0
18
11
12
6
18
11
4
0
18
11
12
6
18
11
12
13
16
7
16
7
16
7
16
6
18
11
12
6
18
11
12
16
7
20
13
16
7
16
13
16
6
18
11
4
0
18
11
12
6
18
11
12
13
16
6
18
11
16
7
16
7
16
7
16
7
16
7
16
7
16
7
16
7
16
7
16
16
6
18
11
0
15
1
24
1
19
13
16
7
16
6
18
11
4
0
18
11
4
0
15
2
8
0
15
10
19
13
16
7
16
13
16
7
16
6
18
11
12
10
10
6
18
11
12
13
16
7
16
7
16
7
16
7
16
6
18
11
12
13
16
6
18
11
4
0
18
11
12
6
18
11
12
6
18
11
12
13
16
6
18
11
12
13
16
7
16
7
16
6
18
11
4
0
18
11
12
6
18
23
13
16
7
16
7
16
7
16
6
18
11
4
10
19
13
16
7
16
7
16
13
16
6
18
11
4
0
18
11
4
0
18
11
4
0
18
11
12
6
18
11
12
6
18
23
13
16
5
24
1
24
1
24
1
8
0
18
11
4
0
18
23
13
16
6
18
11
12
13
16
6
18
11
12
13
16
7
16
7
16
7
16
7
16
23
13
16
7
16
7
16
7
16
13
16
7
16
6
18
11
2
8
0
18
11
4
0
18
11
16
6
18
23
15
5
11
12
6
18
11
12
6
18
11
4
0
18
11
4
0
18
11
4
0
18
11
12
6
18
11
4
5
11
12
13
16
7
16
7
16
7
16
22
20
13
16
7
1
24
1
19
13
16
7
16
7
15
3
17
12
13
16
6
18
11
4
0
18
2
17
4
8
0
18
11
12
6
18
11
2
17
12
6
18
11
12
19
13
16
7
16
6
18
11
12
6
18
11
12
16
7
16
7
16
7
20
13
16
7
16
7
16
22
19
13
16
7
16
7
16
22
20
13
16
7
16
7
16
7
16
6
0
18
11
4
0
18
11
4
5
24
1
23
13
16
7
24
1
8
0
18
11
12
6
18
23
13
16
22
20
13
16
6
18
11
17
12
6
18
11
4
0
18
11
4
0
18
11
4
23
15
5
11
2
9
2
17
15
14
14
11
20
13
16
6
18
11
4
0
18
11
12
6
18
11
4
0
18
11
12
7
16
7
16
7
16
13
16
7
16
7
16
7
16
6
18
11
12
6
18
11
12
6
18
11
12
20
13
16
7
16
21
15
0
15
20
13
16
6
18
11
4
5
11
12
6
18
11
4
5
24
1
23
13
16
7
16
6
18
11
12
6
18
11
12
6
18
11
12
6
18
23
13
16
6
18
11
12
13
16
7
16
13
16
7
16
6
18
11
12
13
16
6
18
11
4
0
18
11
12
6
18
11
4
5
7
16
7
16
7
21
15
3
19
13
16
7
16
7
16
7
16
6
18
11
12
6
18
11
4
0
18
11
4
0
18
11
12
23
16
2
9
3
19
13
16
7
16
7
16
7
16
6
18
11
12
6
18
11
10
10
12
6
18
11
12
6
18
11
4
5
24
1
4
5
24
1
24
1
23
13
16
7
16
0
18
11
12
6
6
18
11
12
13
16
7
16
7
16
14
9
2
9
18
11
12
13
16
13
16
7
16
7
15
5
11
4
0
18
11
12
6
18
11
12
6
18
11
12
13
16
7
16
7
16
13
16
13
16
7
16
7
16
6
18
11
12
6
18
11
4
5
24
1
24
1
24
1
24
1
24
1
24
1
8
0
18
11
12
6
18
11
12
13
16
13
16
7
15
5
11
4
0
15
10
17
12
6
18
11
12
6
18
11
4
0
15
2
17
22
0
15
20
13
16
7
16
7
16
6
18
11
10
1
24
1
24
1
24
1
23
13
16
6
18
11
12
13
16
7
16
13
16
7
16
7
16
7
16
7
16
7
16
6
18
11
10
19
13
16
2
17
12
6
18
11
4
5
24
1
24
1
24
1
13
16
22
19
13
16
7
20
13
16
7
16
6
18
23
7
16
7
16
6
18
11
12
6
18
11
4
5
11
4
0
18
11
2
9
1
24
1
24
1
24
1
8
0
18
11
4
0
18
11
12
6
18
11
12
13
16
6
18
11
12
6
18
11
12
6
18
11
12
6
18
11
4
0
18
11
12
13
16
7
16
6
18
11
12
6
18
11
12
6
18
11
4
0
18
11
4
0
18
23
15
14
18
11
12
13
16
22
23
24
1
24
1
24
1
24
1
24
1
23
13
16
7
16
13
16
6
18
11
12
6
18
11
2
17
12
6
18
11
4
5
11
12
6
18
11
12
6
18
11
4
0
15
8
0
18
23
13
16
13
16
7
16
6
18
11
12
8
0
18
11
12
13
16
7
16
7
16
7
16
7
16
13
16
7
1
24
1
23
15
20
13
16
6
18
11
12
6
18
11
4
0
18
11
4
0
18
11
4
0
18
11
2
3
17
8
0
18
11
4
5
24
1
24
1
24
1
23
13
16
7
16
7
16
7
16
6
18
11
4
5
11
12
6
18
11
12
6
18
11
12
6
18
22
11
12
13
16
7
16
6
18
11
4
0
15
20
13
16
7
16
7
16
7
16
7
16
7
16
7
15
9
2
17
7
16
7
16
7
16
6
18
11
4
0
18
11
4
23
15
14
18
11
12
13
16
22
20
13
16
7
16
2
17
15
14
11
4
0
15
12
13
16
22
20
13
16
6
18
11
12
13
16
7
16
7
16
7
16
6
18
23
13
16
6
18
11
12
6
18
11
16
7
16
6
18
11
4
0
18
11
4
0
15
14
18
11
12
6
18
11
4
5
11
4
0
18
11
4
5
7
16
7
16
7
16
6
18
11
12
13
16
7
16
7
16
7
16
22
20
13
16
6
18
4
0
18
11
12
13
16
6
18
11
4
5
24
1
24
1
23
13
16
7
16
7
16
7
16
7
16
7
16
19
13
16
13
16
6
6
18
11
12
6
18
11
15
3
17
12
20
13
16
7
16
7
16
7
16
7
16
7
16
7
15
8
0
18
11
4
5
11
4
0
18
11
4
5
11
12
6
18
11
4
0
15
10
10
14
19
13
16
6
18
11
12
6
18
11
4
5
7
15
20
13
16
2
17
7
16
7
16
6
18
11
4
0
18
11
4
0
15
14
18
11
12
6
18
11
4
0
18
11
12
13
16
7
16
7
16
7
16
13
16
7
16
6
18
11
12
6
18
11
4
0
18
11
12
13
16
6
18
11
4
0
18
11
16
23
13
16
7
16
13
16
6
18
11
12
13
16
6
18
11
12
6
18
11
4
5
11
2
20
13
16
7
16
2
17
14
18
11
12
1
24
1
24
1
24
1
24
1
14
5
24
1
24
1
24
1
23
15
20
13
16
6
18
11
12
9
13
16
22
20
13
16
7
16
7
16
7
16
6
18
11
4
0
18
11
12
13
16
7
16
7
16
7
16
7
16
6
18
11
12
6
18
11
12
13
16
7
15
10
19
13
16
7
16
7
21
15
10
19
13
16
7
16
7
16
7
16
7
16
7
16
7
16
7
16
12
6
18
11
12
6
18
11
4
0
18
11
12
6
18
11
12
6
18
11
12
6
0
18
11
10
21
15
5
11
12
13
16
7
16
7
16
7
16
6
18
11
12
13
16
7
16
6
6
18
11
4
0
18
11
12
6
18
11
4
0
18
11
4
0
18
11
4
0
18
11
4
0
18
11
4
0
18
11
12
13
16
7
16
6
18
2
19
13
16
6
18
11
10
19
13
16
23
15
20
13
16
22
20
13
16
7
16
13
16
6
18
11
12
13
16
7
16
20
13
16
23
8
0
18
11
12
6
18
11
4
0
18
11
2
17
4
0
15
24
1
24
1
24
1
24
1
24
1
24
1
24
1
8
0
18
11
4
5
24
1
23
13
16
7
16
7
16
7
16
23
15
14
22
20
13
16
6
18
11
12
6
18
11
10
19
13
16
7
15
14
20
13
16
7
16
23
15
3
19
13
16
7
16
13
16
7
16
7
16
7
16
7
16
22
20
13
16
7
16
7
16
22
9
9
2
17
14
11
12
13
16
7
16
7
16
7
16
13
16
7
16
13
16
22
24
1
24
1
24
1
24
1
8
0
18
11
12
6
7
16
5
11
0
18
11
4
0
18
11
12
6
18
11
12
6
18
11
4
0
18
11
4
0
18
11
4
5
7
16
14
13
16
7
16
7
15
10
21
15
14
11
4
0
18
11
4
0
18
11
4
0
18
11
10
6
18
11
4
0
18
11
6
18
11
4
0
18
11
12
6
18
11
4
0
18
11
10
10
10
19
13
16
7
16
7
16
7
16
7
16
6
18
11
4
0
18
11
12
13
16
6
18
11
4
0
18
11
4
0
18
11
12
6
18
11
12
13
16
7
16
6
18
11
12
13
16
13
16
23
15
14
18
11
12
6
18
11
12
6
18
11
6
18
11
4
0
18
11
12
6
18
11
4
0
18
23
7
16
13
16
7
16
6
18
11
12
4
0
18
11
12
13
16
13
16
6
18
11
12
6
18
11
12
6
18
11
4
0
18
11
10
19
13
19
13
16
6
18
11
12
13
16
13
16
6
18
23
7
16
6
24
1
24
1
24
1
23
13
16
6
18
11
2
17
15
24
1
23
7
14
24
1
24
1
21
15
20
13
16
7
16
6
18
11
4
0
18
11
16
7
16
6
18
11
12
6
18
11
12
6
18
11
12
6
18
11
15
5
11
4
0
18
11
12
13
16
7
16
7
16
22
15
23
7
15
14
13
19
13
16
6
18
11
4
0
15
11
12
3
19
13
16
7
16
21
15
20
13
16
7
16
7
16
7
16
7
16
7
16
7
16
7
16
6
18
11
12
13
16
7
16
7
16
22
20
13
16
7
16
7
16
22
20
13
16
6
18
11
12
6
18
11
12
13
16
7
13
16
7
16
22
20
13
16
22
20
13
16
7
16
6
18
11
12
6
18
11
4
0
15
2
17
12
6
18
11
12
6
18
23
15
5
24
1
24
1
24
1
23
7
16
7
16
7
16
0
18
11
4
0
15
14
18
11
12
6
18
11
4
0
18
11
4
0
18
11
4
0
15
24
1
24
1
8
0
18
11
4
0
18
11
4
5
24
1
24
1
24
1
23
13
16
7
16
13
16
7
16
7
1
24
1
24
1
11
12
13
16
7
16
7
16
7
16
7
16
7
16
7
16
6
18
11
12
6
18
11
12
14
13
16
13
16
7
16
6
18
11
4
0
18
11
12
6
18
11
12
2
20
13
16
3
19
13
16
7
12
6
18
11
12
13
16
7
16
7
16
7
16
6
18
11
12
13
16
18
11
4
0
18
11
4
0
18
11
12
6
18
11
4
0
18
11
12
6
18
11
4
0
18
11
4
0
18
12
9
2
0
18
4
0
18
11
4
0
18
11
4
0
18
11
4
0
18
11
4
5
24
1
24
1
23
13
16
7
16
7
16
0
15
23
15
5
24
1
23
24
1
24
1
24
1
24
1
23
15
20
13
16
7
16
7
12
6
18
11
12
6
18
11
12
13
16
7
16
7
16
7
16
7
16
7
16
6
18
11
4
0
18
11
10
1
23
15
14
6
18
11
4
7
16
6
18
11
12
23
13
16
7
16
7
16
7
15
5
11
4
0
18
11
12
6
18
11
12
6
18
11
4
0
18
23
13
16
6
18
11
2
17
7
15
14
1
21
15
20
13
16
7
16
22
20
13
16
7
16
7
16
7
15
24
1
24
1
24
1
24
1
24
1
24
1
24
1
23
15
14
11
4
0
18
11
4
21
15
5
24
1
24
1
24
1
24
1
24
1
23
13
16
7
11
12
13
16
7
16
7
16
7
16
6
18
11
12
6
18
11
12
6
18
11
4
0
18
11
12
7
16
7
16
6
18
11
4
0
18
11
2
17
12
6
18
11
4
0
18
11
12
13
16
7
16
6
18
23
13
16
7
16
6
18
11
4
0
18
11
4
0
18
11
4
5
7
16
7
16
6
18
23
13
16
6
18
23
15
3
19
13
16
22
20
13
16
22
20
13
16
6
18
11
12
13
16
7
16
7
16
7
16
7
16
7
14
8
0
18
11
4
0
18
11
4
6
5
11
4
5
24
1
24
1
24
1
24
1
24
1
23
13
16
7
16
6
18
23
13
16
7
16
6
18
11
12
6
18
11
4
0
18
11
12
19
13
16
7
16
7
16
7
16
7
16
7
16
7
16
23
13
16
7
16
7
16
6
18
11
12
13
16
9
2
17
7
16
7
16
7
16
7
16
7
16
7
16
23
13
16
22
19
13
16
6
18
11
2
17
14
13
16
6
18
11
12
6
18
11
12
13
16
7
16
13
16
7
16
7
16
7
1
24
1
24
1
24
1
24
1
21
15
5
11
4
0
18
23
13
16
7
16
7
16
7
16
7
16
7
16
6
18
11
12
6
18
11
2
17
4
0
15
24
1
24
1
24
1
24
1
24
1
10
22
20
13
16
22
20
13
16
22
23
13
16
21
15
20
13
16
6
18
11
12
6
18
23
15
13
16
7
16
7
16
6
18
11
2
17
12
13
16
6
18
11
4
0
18
11
4
0
18
11
4
5
11
4
0
18
11
12
13
16
7
16
7
8
0
18
11
12
9
18
11
12
13
16
13
16
7
16
7
16
6
18
11
12
6
18
11
10
19
13
16
6
18
11
12
13
16
13
16
6
18
11
12
13
16
6
18
11
12
6
18
11
12
13
16
6
18
11
12
13
16
7
16
7
16
6
18
11
4
5
24
1
19
13
16
7
16
6
18
11
4
0
18
11
12
6
18
11
12
13
16
7
16
22
1
24
1
19
13
16
23
13
16
7
16
6
18
23
13
16
7
16
7
16
13
16
7
16
22
20
13
16
0
18
11
4
0
18
11
6
18
11
12
13
16
7
16
6
18
11
4
5
24
1
24
1
24
1
23
13
16
6
18
11
4
0
18
11
12
6
18
11
12
6
18
11
4
0
18
11
12
6
18
11
12
6
18
11
4
0
15
19
13
16
7
16
7
16
23
13
16
7
16
7
16
7
16
7
16
7
16
7
16
23
15
20
13
16
7
16
7
16
6
18
11
10
14
20
13
16
7
16
7
16
6
18
11
4
0
18
2
17
12
16
6
18
23
7
16
7
16
7
16
13
16
7
16
7
15
5
24
1
24
1
24
1
24
1
23
15
3
17
12
6
18
11
4
5
24
1
8
0
18
11
4
0
18
11
12
6
18
11
12
13
16
13
16
6
18
11
12
13
16
6
18
11
4
5
11
10
21
15
14
11
12
13
16
7
16
7
16
6
18
11
12
6
18
11
12
13
16
23
7
15
10
21
15
7
16
6
18
11
12
9
18
11
12
13
16
6
18
11
4
0
18
4
0
18
11
12
6
18
11
4
0
18
11
12
3
16
7
16
7
16
7
1
24
1
24
1
24
1
24
1
24
1
23
13
16
7
16
7
15
14
23
13
16
13
16
6
18
23
13
16
13
16
7
16
6
18
11
12
13
16
7
16
7
16
6
18
11
2
17
12
13
16
7
16
23
13
16
7
16
7
16
6
18
11
12
13
16
7
16
7
16
7
16
1
24
1
23
13
16
7
16
7
18
11
12
6
18
11
12
6
18
11
4
0
18
11
12
13
16
7
16
13
16
7
16
6
18
11
12
6
18
11
12
6
18
11
4
0
18
11
12
6
18
11
12
7
1
24
1
21
15
20
13
16
7
16
6
18
11
12
13
16
7
16
7
16
7
16
7
16
7
16
0
15
20
13
16
6
18
11
4
0
18
11
12
13
16
6
18
11
12
6
18
22
24
1
10
19
13
16
7
16
6
18
11
12
13
16
6
18
11
2
17
15
11
12
6
18
11
4
0
18
11
12
24
1
24
1
24
1
24
1
11
10
19
13
16
7
15
14
23
15
5
11
12
13
16
7
16
7
16
6
18
11
12
6
18
11
4
0
18
11
12
13
16
7
16
7
16
7
16
7
16
15
20
13
16
7
16
6
18
11
12
6
18
11
22
23
13
16
13
16
7
16
7
16
23
13
16
22
20
13
16
21
6
18
11
12
6
6
18
11
21
15
20
13
16
22
24
1
24
1
24
1
24
1
24
1
24
1
24
1
24
1
24
1
24
1
24
1
24
1
23
13
16
7
16
6
18
11
12
6
18
11
4
0
18
11
4
0
15
20
13
16
8
9
2
17
4
0
18
11
21
15
20
13
16
7
16
6
18
11
4
0
18
11
12
6
18
11
12
13
16
7
16
7
16
7
16
6
18
11
12
6
18
11
12
6
18
11
12
13
16
7
14
19
13
16
7
16
6
18
11
17
12
6
18
11
4
0
18
11
4
0
18
11
2
17
14
18
11
12
6
18
11
4
0
18
11
12
6
18
11
4
5
7
16
7
16
7
16
6
18
11
2
9
2
17
12
6
18
11
12
6
18
11
2
0
18
11
12
13
16
6
18
23
13
16
13
16
7
16
13
16
6
18
11
12
6
18
11
12
6
18
11
4
0
18
11
4
5
24
1
21
15
20
13
16
7
16
7
16
6
18
11
4
0
18
11
12
3
19
13
16
13
16
7
16
7
16
7
16
7
16
7
16
7
16
7
16
6
18
11
12
6
18
11
12
13
16
20
13
16
6
18
11
12
13
16
7
15
10
19
13
16
7
16
7
16
7
16
7
16
7
16
7
16
7
16
7
16
7
16
7
16
6
18
11
4
0
18
11
4
5
24
1
24
1
21
15
20
13
16
6
18
11
12
13
16
7
16
7
16
6
18
11
12
9
18
11
12
6
18
11
4
0
18
11
10
6
18
11
12
6
18
11
10
19
13
16
7
16
6
18
2
17
15
14
13
16
7
16
7
16
7
16
7
15
14
13
16
13
16
23
15
9
5
24
1
24
1
24
1
24
1
24
1
23
13
16
7
16
7
16
22
20
13
16
22
23
13
16
7
16
7
16
6
18
11
12
6
18
23
13
16
6
18
11
12
6
18
11
2
11
10
19
13
16
7
16
6
18
11
12
6
18
11
12
7
15
11
4
0
18
23
13
16
7
16
6
18
11
4
0
18
11
12
13
16
7
16
7
16
7
16
7
15
14
20
13
16
7
16
6
18
11
12
6
18
11
12
16
22
20
13
16
6
18
11
4
5
11
4
0
18
11
12
6
18
11
4
5
11
12
6
18
11
4
6
18
23
15
5
24
1
24
1
23
24
1
24
1
24
1
6
18
11
12
7
16
6
18
23
13
16
7
16
6
18
11
4
0
18
11
10
21
15
10
1
24
1
8
0
18
11
4
0
18
11
4
0
15
20
13
16
7
16
6
18
11
4
0
18
11
12
13
16
13
16
7
16
7
16
7
16
6
18
4
0
18
11
12
6
18
11
12
13
16
7
16
6
18
11
12
13
16
6
18
11
12
6
18
11
10
10
19
13
16
7
16
7
16
7
16
7
16
7
16
7
16
7
16
23
15
7
16
7
16
7
16
7
16
23
15
20
13
16
7
15
5
11
12
13
16
7
16
13
16
6
18
11
12
13
16
6
18
11
6
18
11
16
7
16
7
15
11
4
0
18
11
12
6
18
11
12
6
18
11
12
6
18
11
12
13
16
7
16
7
16
7
16
6
18
11
12
13
16
23
15
14
22
0
18
11
4
0
18
11
4
0
18
11
12
13
16
6
18
11
12
13
16
7
21
15
11
4
0
18
11
2
17
22
19
13
16
7
16
7
16
13
16
6
18
11
4
0
18
11
12
13
16
6
18
11
12
6
18
11
4
0
18
11
12
13
16
7
16
7
16
13
16
7
20
13
16
6
22
0
18
11
12
13
16
7
16
6
18
11
4
0
18
11
4
0
18
23
13
16
6
18
11
12
13
16
7
16
7
16
7
16
7
15
5
7
16
6
18
11
4
5
24
1
24
1
24
1
13
16
7
16
13
16
7
16
7
16
7
16
14
1
24
1
24
1
8
0
18
11
10
19
13
16
22
20
13
16
7
16
22
20
13
24
1
24
1
8
0
18
11
12
6
18
11
12
6
18
11
12
6
18
11
12
6
18
22
11
12
13
16
13
16
7
16
6
18
11
4
0
18
11
12
6
18
11
4
6
3
19
13
16
7
16
7
16
7
16
7
16
6
18
23
13
16
6
18
11
4
0
18
11
12
6
18
11
4
0
18
11
2
13
16
7
16
6
18
11
4
0
18
11
4
23
15
20
13
16
6
18
11
4
8
0
18
11
4
0
15
20
13
16
6
18
11
10
6
18
11
4
0
18
2
1
24
1
24
1
24
1
24
1
23
13
16
7
16
6
18
11
4
0
18
11
12
6
18
11
12
13
16
7
16
6
18
11
12
6
18
11
12
6
18
11
12
6
18
11
4
5
11
12
7
16
7
16
7
16
7
15
9
11
10
23
10
14
20
13
16
7
16
7
16
22
20
13
16
7
1
24
1
24
1
8
0
18
11
12
6
18
11
4
12
6
18
11
4
0
15
14
18
11
12
6
18
11
4
0
18
11
12
12
3
13
16
6
18
11
4
5
24
1
23
13
16
9
18
11
4
5
11
12
13
16
7
16
7
16
6
18
11
12
6
18
11
12
6
18
11
4
0
15
20
13
16
6
18
11
12
6
18
11
12
13
16
7
16
6
18
11
4
0
18
11
4
0
18
11
4
0
15
10
3
19
13
16
7
16
6
18
11
2
0
18
11
2
17
7
16
7
16
6
18
11
12
13
16
7
16
6
18
11
12
13
16
22
19
13
16
6
18
11
15
14
18
11
4
0
15
23
13
16
7
15
20
13
16
7
16
13
16
7
16
6
18
11
12
13
16
7
16
7
16
7
16
6
18
11
17
18
11
12
13
16
7
16
7
16
6
18
23
7
16
7
15
20
13
16
7
16
7
16
7
16
6
18
23
7
16
7
16
7
8
0
18
11
12
13
16
7
16
7
16
7
16
22
20
13
16
7
16
7
16
7
16
6
18
11
12
6
18
11
4
0
18
11
12
6
18
23
22
20
13
16
6
18
11
12
6
18
11
4
0
18
11
12
6
18
11
12
0
18
11
4
5
11
4
0
18
11
2
0
18
11
4
0
18
11
12
6
18
11
4
5
24
1
24
1
24
1
24
1
23
24
1
24
1
24
1
24
1
24
1
24
1
24
1
23
13
16
6
18
11
10
21
6
18
22
20
13
16
7
16
13
20
13
16
6
18
11
2
17
22
24
1
24
1
24
1
24
1
24
1
23
15
0
18
11
12
13
16
6
18
11
12
13
16
7
16
7
16
13
16
22
24
1
19
13
16
6
18
11
12
18
11
12
6
18
11
4
0
18
11
4
5
11
6
18
11
2
17
14
20
13
16
7
16
7
16
6
18
23
15
14
17
7
16
7
16
7
16
1
19
13
16
6
18
11
4
0
18
11
12
6
18
11
4
0
18
11
4
0
18
11
12
6
18
11
12
6
18
11
4
0
18
11
4
0
18
11
12
6
18
11
4
0
18
11
4
5
24
1
8
0
18
11
4
0
18
11
10
19
13
16
13
16
13
16
14
13
16
13
16
6
18
11
4
0
18
11
12
6
18
11
4
0
18
11
4
23
13
16
6
18
11
4
0
18
11
12
13
16
7
16
7
16
7
16
7
16
6
18
11
4
0
18
11
4
0
15
5
11
4
0
18
11
4
0
18
11
10
6
18
11
12
6
18
11
12
6
18
11
12
6
18
11
12
6
18
11
12
6
18
11
4
23
13
16
7
16
6
18
11
16
22
24
1
24
1
24
1
24
1
24
1
0
18
11
4
5
7
16
6
18
11
12
6
18
11
12
13
16
7
16
13
16
23
15
20
13
16
7
16
7
16
7
16
7
16
13
16
7
16
13
16
6
18
11
12
13
16
13
16
7
16
7
16
7
16
7
16
7
16
7
16
6
18
11
12
13
16
7
16
7
16
7
16
13
16
8
0
18
11
4
0
18
11
12
6
18
11
12
6
6
18
11
2
17
7
16
7
2
20
13
16
7
16
6
18
11
12
6
18
11
12
6
18
11
12
6
18
11
4
0
18
11
4
0
15
14
20
13
16
23
7
15
20
13
16
7
2
17
12
6
18
11
12
13
16
6
18
11
10
19
13
16
11
10
19
13
16
7
16
7
16
6
18
11
12
13
16
7
16
7
16
7
16
7
16
6
18
11
4
0
18
11
4
0
18
5
24
1
24
1
24
1
24
1
0
18
11
4
0
18
11
6
18
11
12
13
16
7
16
7
16
6
18
11
12
7
16
7
16
7
16
7
16
7
16
7
16
7
16
7
16
6
18
11
4
0
18
11
12
6
18
11
2
17
4
0
18
11
4
0
15
10
21
15
24
1
24
1
24
1
24
1
24
1
24
1
24
1
24
1
23
13
16
23
15
14
13
16
23
15
18
11
4
0
18
23
13
16
6
18
11
4
0
18
11
4
0
18
11
12
13
16
7
16
7
16
13
16
6
18
11
4
0
18
11
4
0
15
14
11
12
13
16
7
16
6
18
11
12
6
18
11
4
0
18
11
4
0
18
11
12
13
16
6
18
11
2
0
18
11
12
6
18
11
12
7
16
6
18
11
12
13
16
6
18
11
4
0
18
11
20
13
16
6
18
11
4
0
15
10
10
19
13
16
7
16
7
16
23
13
16
7
16
7
16
6
18
11
12
6
18
11
4
0
15
10
10
21
15
20
13
16
6
18
11
2
17
22
19
13
16
7
16
6
18
11
12
13
16
7
16
7
16
22
20
13
16
7
16
22
0
18
11
12
7
16
7
15
20
13
16
6
18
5
11
12
13
16
6
18
11
4
0
18
11
4
0
18
11
2
17
12
13
16
7
16
23
13
16
7
16
7
16
7
16
7
16
6
18
11
6
18
11
12
6
18
11
12
6
18
12
13
16
7
16
7
2
10
21
15
10
10
19
13
16
7
16
6
18
23
13
16
7
16
7
16
7
16
13
16
7
16
7
16
7
16
6
18
11
4
0
18
11
12
13
16
6
18
11
12
23
13
16
9
9
13
16
7
16
13
16
23
13
16
7
16
7
16
7
16
22
23
24
1
8
0
15
7
16
7
16
6
18
11
12
13
16
7
16
6
18
11
12
6
18
11
12
6
18
11
4
0
18
11
12
6
18
11
4
0
18
11
4
0
18
11
10
21
15
20
13
16
6
18
11
4
0
18
12
6
18
11
12
11
4
0
18
11
4
23
13
16
7
16
7
16
6
18
11
12
10
10
19
13
16
6
18
11
12
6
18
11
12
6
18
11
12
6
18
11
12
6
18
11
4
0
18
11
12
20
13
16
7
16
22
20
13
16
7
16
7
16
6
18
11
4
0
18
11
12
13
16
7
16
6
18
23
15
11
4
0
18
11
12
6
18
11
4
0
18
23
13
16
7
16
21
15
14
23
13
16
7
16
13
16
7
16
7
16
6
18
11
12
6
18
11
2
17
13
16
7
16
22
23
13
16
7
16
7
16
7
16
13
16
7
16
23
13
16
7
16
7
16
7
15
3
17
7
16
6
18
11
12
13
16
7
16
6
18
11
4
5
7
13
16
7
16
22
19
13
16
6
18
11
12
13
16
7
16
7
16
22
24
1
24
1
24
1
24
1
19
13
16
22
19
13
16
7
16
7
16
7
16
6
18
11
12
23
13
16
7
16
7
16
23
15
20
13
16
7
16
13
16
7
16
7
16
7
16
6
18
11
4
0
18
11
4
8
1
8
0
18
11
12
6
18
11
4
0
15
10
19
13
16
22
20
13
16
7
16
7
16
9
2
17
12
13
16
7
16
7
16
7
16
7
16
22
20
13
16
7
15
5
11
12
13
16
7
16
6
18
16
7
16
6
18
11
12
7
16
5
7
16
7
16
7
16
13
16
23
15
5
11
12
6
18
11
12
13
16
7
16
6
18
11
12
13
16
7
16
6
18
11
4
0
18
11
4
5
11
4
5
7
15
2
17
22
20
13
16
6
18
23
22
24
1
24
1
0
18
11
4
0
18
11
12
6
18
11
12
13
16
7
16
6
18
11
4
0
18
23
13
16
13
16
7
16
6
18
23
13
16
6
18
11
12
6
18
11
4
0
18
11
2
22
23
13
16
23
15
3
19
13
16
7
16
6
18
11
4
0
15
20
13
16
6
18
11
4
5
24
1
24
1
19
13
16
7
16
6
18
11
12
6
18
11
4
0
15
20
13
16
7
16
7
16
7
16
7
16
7
16
6
18
11
12
6
18
11
4
0
18
11
12
6
18
11
12
13
16
23
13
16
6
18
11
4
0
18
11
4
0
18
11
4
0
18
11
12
6
18
23
13
16
22
15
10
10
10
10
10
6
18
11
12
7
16
6
18
11
4
0
18
11
12
13
16
7
14
1
24
1
21
15
20
13
16
22
24
1
24
1
24
1
24
1
24
1
24
1
24
1
24
1
24
1
24
1
24
1
24
1
24
1
19
13
16
6
18
11
12
6
18
11
4
0
18
11
10
6
18
11
4
0
18
11
12
6
18
11
12
13
16
7
14
13
16
7
16
7
11
12
13
16
7
16
7
16
7
16
7
16
16
1
24
1
8
0
18
11
4
0
18
23
15
5
11
4
0
18
11
4
0
18
11
4
0
18
11
15
10
6
18
12
13
16
6
18
11
12
13
16
23
13
16
22
23
15
14
9
13
16
7
16
6
18
11
12
6
18
11
12
6
18
11
4
5
7
16
7
16
6
18
11
12
6
18
11
12
6
18
2
17
12
6
18
23
7
16
6
18
23
13
16
23
15
14
22
20
13
16
19
13
16
7
1
24
1
24
1
24
1
21
15
9
2
9
2
9
2
17
12
13
16
23
15
16
7
16
6
18
11
2
17
7
16
7
16
7
16
7
16
7
16
7
16
2
17
22
11
4
0
18
23
13
16
2
17
12
6
18
11
4
21
15
20
13
16
7
16
6
18
11
12
13
16
7
16
7
16
22
20
13
16
13
16
7
11
12
6
18
11
4
0
18
11
12
13
16
7
16
7
16
7
12
6
18
11
4
0
18
11
4
0
15
10
19
13
16
7
8
2
9
18
11
2
17
14
23
24
1
24
1
24
1
4
20
13
16
13
16
6
18
11
4
0
15
14
11
12
16
7
16
7
16
6
18
11
4
0
18
11
12
13
16
7
16
6
18
11
2
17
12
6
18
11
12
13
16
6
18
11
12
13
16
13
16
7
2
17
12
13
16
7
16
7
16
7
16
6
18
11
12
13
16
7
16
7
16
7
16
7
16
6
18
11
10
21
15
20
13
16
7
16
7
16
10
19
13
16
7
16
22
24
1
23
13
16
7
16
7
16
6
18
11
4
0
18
11
12
6
18
11
12
6
18
11
12
13
16
7
16
7
16
7
16
6
18
11
12
17
4
0
18
11
4
0
18
11
4
23
13
16
7
16
7
16
13
16
7
15
14
18
11
4
0
18
11
12
5
24
1
24
1
24
1
23
13
16
22
24
1
24
1
24
1
23
24
1
24
1
21
15
5
24
1
23
13
16
7
16
7
16
6
18
11
12
6
18
11
4
0
18
11
4
0
18
11
12
6
18
11
12
6
18
11
4
0
18
2
17
18
23
15
14
20
13
16
7
16
7
16
7
16
7
16
13
16
7
16
7
16
7
16
6
18
11
4
0
18
11
10
21
15
5
11
10
19
13
16
13
16
7
16
7
16
6
18
11
12
6
18
11
4
0
18
11
4
0
15
20
13
16
0
18
11
12
6
18
11
4
0
18
11
12
13
19
13
16
6
18
11
4
0
18
11
4
0
18
11
4
0
18
11
12
6
18
11
4
0
18
11
12
13
16
23
15
14
18
11
4
0
18
11
4
0
18
11
4
0
18
11
12
13
16
7
16
7
16
13
16
7
16
7
16
7
16
6
18
11
6
18
11
10
19
13
16
7
16
7
16
7
16
7
16
7
16
6
0
18
11
4
0
18
11
12
13
16
7
16
6
18
11
10
19
13
16
7
16
6
18
11
4
0
18
11
16
7
16
6
18
11
4
0
15
14
11
2
17
13
16
7
16
7
15
14
11
4
0
18
11
12
13
16
7
16
7
16
7
15
14
13
16
7
16
7
16
6
18
11
4
0
18
11
12
6
18
11
12
6
18
11
4
0
18
11
12
13
16
6
18
11
4
0
18
11
4
23
15
14
18
23
13
16
7
16
7
16
7
16
6
18
11
12
13
16
6
18
11
12
6
18
11
4
0
18
11
4
0
15
14
23
13
16
6
18
11
4
0
18
11
12
6
18
11
4
0
18
11
4
0
15
14
19
13
16
22
24
1
24
1
24
1
24
1
21
15
20
13
16
7
15
20
13
16
23
13
16
13
16
6
18
23
7
16
7
16
6
18
11
12
13
16
13
16
7
16
7
16
6
18
11
12
13
16
7
16
7
16
7
16
7
16
6
18
11
4
0
18
23
15
5
24
1
24
1
24
1
23
15
3
19
13
16
7
16
22
20
13
16
7
16
7
16
22
21
15
11
12
6
18
11
4
0
18
11
4
5
24
1
24
1
24
1
24
1
24
1
23
13
16
7
16
7
16
22
20
13
16
7
16
6
18
11
12
20
13
16
23
13
16
7
16
7
16
7
8
0
18
11
12
6
18
11
12
3
17
4
0
18
11
4
0
18
11
12
6
18
11
12
13
16
7
16
22
20
13
16
7
16
7
16
14
18
11
12
14
1
24
1
19
13
16
7
16
23
15
5
19
13
16
6
18
11
4
6
18
11
12
6
18
11
4
0
18
11
12
6
0
18
11
4
20
13
16
7
16
7
16
7
16
7
16
6
18
11
12
6
18
11
4
5
24
1
24
1
24
1
24
1
24
1
24
1
7
16
7
16
22
20
13
16
21
15
14
13
16
23
13
16
7
16
7
16
7
16
7
16
6
18
11
4
0
18
11
12
6
18
11
12
6
6
18
11
12
6
18
11
12
6
18
11
10
19
13
16
23
15
11
12
13
16
7
16
7
15
10
19
13
16
7
16
6
18
11
12
6
18
23
13
16
6
18
11
4
0
18
11
10
21
15
10
19
13
16
6
18
23
15
20
13
16
7
16
6
18
11
4
0
18
4
0
18
11
12
6
18
11
6
18
13
16
7
16
7
16
7
16
7
16
5
11
12
13
16
6
18
22
20
13
16
7
16
7
16
7
16
7
16
7
16
22
20
13
16
7
16
6
18
11
12
24
1
24
1
24
1
23
13
16
7
16
7
16
22
20
13
16
2
17
12
6
18
11
4
0
18
11
12
13
16
7
16
7
16
7
16
6
18
11
12
6
18
11
12
13
16
7
16
7
16
6
18
11
4
5
11
12
6
18
11
12
6
18
11
4
0
18
11
4
0
18
11
4
5
11
4
6
18
11
4
0
18
11
12
6
18
11
4
0
18
11
4
0
18
11
12
13
16
7
15
20
13
16
7
16
7
16
7
15
20
13
16
6
18
11
12
13
16
6
3
17
7
15
24
1
24
1
24
1
24
1
24
1
24
1
19
13
16
22
20
13
16
7
16
13
16
7
16
7
16
7
0
18
23
15
7
16
19
13
16
6
18
11
2
11
4
0
18
11
2
9
18
11
12
13
16
13
16
7
16
6
18
11
12
6
18
16
0
18
23
15
0
18
11
12
6
18
11
4
0
15
14
22
20
13
16
6
18
11
12
6
18
11
12
6
18
11
4
21
15
20
13
16
6
18
11
4
0
15
14
18
11
12
6
18
11
2
17
4
0
15
0
18
11
4
0
18
11
12
13
16
6
18
11
12
12
6
18
11
4
21
15
3
19
13
16
19
13
16
7
16
6
18
23
13
16
7
16
7
16
7
16
7
16
13
16
7
16
6
18
11
12
6
18
11
12
6
18
11
2
17
7
16
7
16
7
16
7
16
13
16
23
13
16
13
16
7
16
7
16
7
16
6
18
11
12
13
16
7
20
13
16
7
16
13
16
7
16
6
18
11
2
7
16
0
18
11
4
0
18
11
12
6
18
11
4
0
18
11
4
5
11
4
5
24
1
24
1
23
15
10
6
18
11
12
13
16
13
16
7
16
7
16
0
18
11
10
19
13
16
7
8
0
18
11
12
9
2
21
15
20
13
16
6
18
11
12
6
18
11
4
0
18
23
15
24
1
24
1
24
1
24
1
24
1
24
1
24
1
23
13
16
6
18
11
12
9
18
11
4
0
18
11
4
0
18
11
4
0
18
11
2
17
23
13
16
7
16
23
13
16
23
13
16
7
16
13
16
6
18
23
15
9
9
18
11
4
0
18
11
12
6
18
11
12
6
18
11
4
0
18
11
10
21
15
20
13
16
2
17
7
16
7
16
7
16
7
16
7
16
6
18
11
2
17
12
6
18
11
12
13
16
7
16
7
16
7
16
7
15
14
20
13
16
7
16
13
16
7
16
7
16
7
16
7
16
14
18
11
4
0
15
5
24
1
24
1
24
1
24
1
23
15
20
13
16
6
18
13
16
24
1
23
22
20
13
16
22
20
13
16
22
20
13
16
7
16
7
16
6
18
11
4
0
18
11
4
5
24
1
23
15
20
13
16
7
16
7
16
13
16
7
16
6
18
11
4
0
18
11
10
19
13
16
7
16
7
16
6
18
11
4
0
15
14
23
13
16
7
16
7
16
7
16
13
16
7
16
22
20
13
16
7
16
6
18
11
4
5
24
1
24
1
24
1
8
2
24
1
24
1
24
1
24
1
24
1
24
1
24
1
24
1
24
1
24
1
24
1
24
1
8
0
18
11
4
5
11
4
5
7
14
9
1
23
8
0
18
11
4
0
18
11
4
0
18
11
12
6
18
12
16
7
16
6
18
11
12
6
18
23
13
16
13
16
7
16
7
16
7
16
6
1
24
1
23
15
3
19
13
16
7
16
6
18
11
12
6
18
11
4
0
15
14
18
11
4
0
18
11
4
0
18
11
4
0
18
11
12
6
18
11
4
0
18
11
4
0
18
11
15
24
1
8
0
18
11
4
7
16
6
18
6
18
11
4
0
18
11
12
13
16
7
16
6
18
11
4
5
11
6
18
11
4
0
18
11
4
0
15
5
11
2
17
5
7
16
7
16
6
18
11
4
0
18
11
4
0
18
11
10
19
13
16
7
16
6
18
11
12
6
18
11
12
6
18
11
4
0
18
12
6
18
11
12
6
18
23
13
16
7
16
7
16
6
18
11
4
0
18
11
12
6
20
13
16
0
18
23
15
20
13
16
22
20
13
16
6
18
11
12
13
16
7
16
6
18
11
4
5
24
1
24
1
24
1
24
1
24
1
24
1
24
1
23
15
3
17
12
6
18
11
4
0
18
11
4
0
18
11
12
13
16
6
18
11
12
6
18
23
22
0
18
11
12
6
18
11
12
13
16
14
23
15
14
9
2
17
12
6
18
11
4
5
24
1
21
15
14
22
0
15
14
20
13
16
6
18
11
12
13
16
7
16
22
23
13
16
7
2
20
13
16
13
16
23
15
14
9
18
11
12
6
18
11
4
5
11
12
13
16
13
16
7
16
6
18
11
12
6
18
11
12
13
16
7
16
7
16
6
18
11
12
6
18
11
12
6
18
11
4
0
18
11
2
17
12
6
18
11
2
17
7
16
7
16
7
16
6
18
11
4
8
0
18
11
12
13
16
7
16
6
18
11
4
0
18
11
4
0
18
11
12
6
18
11
12
6
18
11
4
0
18
11
12
13
16
7
16
7
16
7
16
7
16
7
16
22
20
13
16
13
16
7
16
22
24
1
23
15
23
15
11
12
13
16
7
16
7
16
13
16
7
16
6
18
11
4
0
18
11
12
6
18
11
12
13
16
22
4
5
24
1
23
15
2
9
2
19
13
16
7
16
7
16
7
16
14
23
13
16
22
19
13
16
7
16
7
16
23
13
16
7
16
7
16
7
16
7
16
6
18
11
4
0
18
11
4
0
18
11
4
0
18
11
24
1
24
1
24
1
23
13
16
7
16
7
16
7
16
6
18
11
4
0
18
11
2
17
7
16
6
18
11
12
6
18
23
13
16
7
16
7
16
7
16
7
16
13
16
7
16
7
16
7
16
6
18
11
4
0
15
14
11
12
6
18
11
12
13
16
6
18
11
4
0
18
23
13
16
7
16
7
16
7
16
7
16
22
19
13
16
7
16
7
16
7
16
13
16
13
16
23
13
16
7
16
7
16
23
15
14
18
11
12
6
18
11
12
13
16
6
3
21
6
18
11
22
11
12
6
18
11
4
6
18
11
4
0
18
11
12
7
16
7
16
7
16
6
18
11
4
0
18
11
12
13
16
7
16
7
16
7
16
7
16
6
18
11
4
0
18
11
4
0
18
11
12
13
16
7
16
13
16
7
16
7
16
6
18
11
12
13
16
6
18
11
10
19
13
16
6
18
11
4
0
15
14
18
11
12
13
16
7
16
7
16
6
18
11
0
18
23
15
14
1
24
1
24
1
24
1
24
1
8
0
18
11
4
0
18
11
4
0
15
20
13
16
7
16
7
16
7
16
13
16
6
18
11
4
21
15
14
24
1
24
1
24
1
24
1
24
1
24
1
24
1
24
1
23
13
16
7
16
13
16
7
16
7
16
7
16
6
18
2
17
14
11
4
0
18
11
2
17
13
16
6
18
11
4
0
18
11
4
0
18
23
13
0
18
11
12
13
16
7
16
7
15
5
11
2
17
12
6
18
11
12
6
18
11
12
13
16
7
16
7
16
7
16
7
16
22
20
13
16
7
16
6
18
11
12
6
18
22
20
13
16
7
16
6
18
23
7
16
6
18
11
4
0
18
11
21
15
2
0
18
11
12
7
16
6
18
11
4
0
18
11
12
13
16
7
16
7
16
13
16
6
18
11
2
17
12
13
16
6
18
11
12
6
18
11
12
20
13
16
6
18
11
12
13
16
6
18
11
12
6
18
11
12
6
18
11
4
0
15
14
9
2
17
12
6
18
11
10
21
15
3
19
13
16
6
18
11
4
0
18
11
12
10
21
15
5
11
4
0
18
11
12
6
3
17
14
18
11
12
6
18
11
4
0
18
11
12
13
16
7
16
6
18
11
12
13
16
7
16
7
16
7
15
3
14
18
1
21
15
20
13
16
7
16
7
16
7
16
7
16
7
16
7
16
6
18
11
12
6
18
11
4
0
18
11
12
6
18
11
10
21
15
14
22
20
13
16
6
18
11
12
6
18
11
10
6
18
11
12
6
18
11
4
0
18
11
10
21
15
3
19
13
16
22
20
13
16
7
8
11
4
0
18
11
12
6
18
11
4
0
18
11
4
5
24
1
24
1
4
5
16
7
16
6
18
11
10
21
15
14
22
20
13
16
7
16
7
14
18
11
12
6
18
11
12
13
16
6
18
11
12
13
16
7
16
7
15
5
11
12
6
18
11
12
6
18
11
12
13
16
9
2
17
12
13
16
7
16
7
16
6
18
11
10
19
13
16
22
19
13
16
6
18
23
13
16
6
18
11
12
6
18
11
10
10
19
13
16
7
16
6
18
11
4
0
18
11
16
7
16
7
16
7
16
22
20
13
16
7
16
6
18
11
12
6
18
11
4
0
18
12
13
16
7
16
7
16
7
16
22
20
13
16
22
20
13
16
13
16
7
16
7
16
7
1
24
1
24
1
24
1
24
1
24
1
24
1
24
1
23
13
16
7
16
23
15
10
19
13
16
7
16
7
16
7
16
22
23
13
16
1
24
1
24
1
24
1
24
1
23
13
16
6
18
11
12
6
18
23
24
1
24
1
24
1
24
1
23
13
16
13
16
6
18
11
4
0
18
11
12
6
18
11
2
0
18
11
4
0
18
11
2
17
18
11
4
0
15
20
13
16
6
18
11
4
0
18
11
12
13
16
3
21
15
20
13
16
6
18
11
4
5
24
1
24
1
24
1
24
1
24
1
23
7
16
7
16
2
9
2
17
20
13
16
6
18
11
4
0
18
23
13
16
7
16
6
18
11
4
0
18
11
12
6
18
11
15
3
17
12
6
18
11
2
17
12
6
18
11
10
19
13
16
7
16
0
15
14
11
6
18
11
10
19
13
16
7
16
7
16
6
18
5
7
16
7
16
7
16
7
16
7
16
7
16
7
16
7
16
7
16
7
16
6
18
11
12
6
18
11
12
13
16
7
16
7
16
7
16
6
18
11
10
21
23
7
16
7
16
7
16
7
16
18
11
4
0
18
11
12
6
18
11
12
6
18
11
4
0
18
23
15
10
10
21
15
14
13
16
6
18
11
2
1
21
15
14
13
16
7
16
7
16
22
20
13
16
7
16
22
20
13
16
7
16
22
20
13
16
13
16
7
16
4
0
15
20
13
16
22
20
13
16
7
16
8
0
15
3
19
13
16
6
18
11
4
0
18
11
4
0
18
11
12
6
18
11
4
0
18
11
12
6
18
11
12
13
16
7
16
7
16
3
17
12
6
18
11
4
0
18
11
4
0
15
20
13
16
22
8
0
18
11
12
6
21
15
20
13
16
7
16
7
16
6
18
11
12
6
18
11
12
6
18
11
10
21
15
14
23
13
16
6
18
11
12
14
23
13
16
7
16
6
18
11
4
0
18
23
15
14
11
12
9
2
18
11
24
1
24
1
24
1
24
1
22
0
18
11
12
6
18
11
4
0
18
11
12
13
16
7
16
7
16
23
13
16
7
16
7
8
0
18
11
4
5
24
1
24
1
24
1
24
1
24
1
21
15
20
13
16
13
16
7
16
6
18
22
20
13
16
7
16
13
16
6
18
11
10
10
19
13
16
7
16
7
16
6
18
11
4
0
18
11
12
6
18
11
12
13
16
6
18
11
12
6
18
11
10
19
13
16
7
16
7
16
2
17
12
6
18
11
12
13
16
6
18
11
12
6
18
11
4
0
18
11
24
1
24
1
24
1
23
15
24
1
24
1
23
15
20
13
16
13
16
7
16
7
16
13
16
7
16
7
16
7
16
7
16
14
13
16
7
16
6
18
11
4
0
18
11
12
6
18
11
4
0
18
11
12
6
18
11
12
6
18
11
12
6
18
11
4
0
18
11
4
0
18
11
12
13
16
7
16
7
16
6
18
11
12
6
18
11
6
18
11
6
18
11
4
5
11
4
0
18
11
12
6
18
11
10
10
19
13
16
7
16
13
16
7
16
7
16
6
18
11
4
5
24
1
23
13
16
6
18
23
13
16
6
18
11
4
0
15
14
20
13
16
6
18
11
12
6
18
11
4
0
18
11
4
0
18
11
4
0
18
11
12
6
18
23
13
16
6
18
11
12
6
18
11
12
6
18
11
12
13
16
6
18
11
10
3
17
12
6
18
11
12
9
3
19
13
16
6
18
11
12
6
18
11
21
15
5
24
1
24
1
24
1
24
1
24
1
24
1
24
1
23
13
16
7
16
6
18
11
4
0
20
13
16
7
15
11
12
6
18
11
2
17
11
4
0
18
11
4
0
18
11
4
5
24
1
24
1
23
13
16
6
18
11
10
21
15
14
20
13
16
22
24
1
13
16
23
13
16
7
16
7
16
7
16
6
18
11
12
6
18
11
12
6
18
11
4
5
11
12
13
16
7
16
6
18
11
12
6
18
11
12
6
18
11
10
21
15
14
20
13
16
2
11
12
13
16
7
16
7
16
6
18
11
12
7
16
7
16
7
16
13
19
13
16
7
16
7
16
6
18
11
12
13
16
6
18
11
4
0
15
20
13
16
22
23
13
16
13
16
6
18
11
4
0
18
11
12
6
18
23
15
14
23
13
16
7
16
7
16
13
16
7
16
7
16
13
19
13
16
7
16
6
18
11
4
0
18
11
12
7
16
22
19
13
16
7
8
0
18
11
2
2
19
13
16
7
16
7
16
7
16
7
16
6
18
11
4
0
18
23
15
11
4
0
18
11
22
19
13
16
7
16
6
18
11
12
13
16
7
16
7
16
7
16
23
13
16
13
16
7
16
13
16
2
17
4
0
18
11
12
13
16
7
16
7
16
6
0
18
12
6
18
11
4
0
18
11
4
0
18
11
2
17
12
7
16
7
16
7
16
22
20
13
16
7
16
6
18
11
12
13
16
20
13
16
7
16
7
16
7
16
7
16
7
16
7
16
7
16
6
18
11
6
18
11
12
6
18
11
12
13
16
7
16
7
16
6
18
11
12
13
16
7
20
13
16
7
16
7
16
23
13
16
7
16
7
16
7
16
7
16
13
16
7
16
6
18
11
4
0
15
14
18
11
12
7
16
6
18
11
12
13
16
23
7
12
6
18
11
12
7
16
7
16
7
16
23
15
14
13
16
13
16
22
20
13
16
7
16
13
16
7
15
20
13
16
7
16
6
18
11
12
6
18
12
7
8
0
18
11
12
6
18
11
12
6
18
11
12
6
18
11
2
17
4
0
18
11
4
0
18
11
4
0
18
11
12
6
18
11
12
13
16
6
18
11
12
6
18
23
13
16
7
16
7
14
11
4
0
18
4
0
15
5
11
12
13
16
7
16
7
16
7
16
6
18
12
6
18
11
2
17
4
0
15
10
21
15
20
13
16
13
16
7
16
6
18
11
4
0
20
13
16
7
16
6
18
11
12
13
16
7
16
6
18
23
15
10
19
13
16
7
16
7
18
11
4
23
15
8
0
18
11
2
17
7
16
6
18
11
4
8
0
18
12
13
16
6
18
11
4
0
18
11
12
13
16
7
16
22
20
13
16
23
13
16
7
16
7
16
6
18
11
12
6
18
11
12
13
16
7
16
7
16
7
16
23
13
16
7
16
7
16
6
18
11
12
13
16
7
8
0
18
11
10
21
15
10
19
13
16
23
15
10
21
15
14
18
11
4
5
24
1
23
13
16
7
16
6
18
11
6
18
23
13
16
7
16
23
13
16
6
18
11
12
10
10
19
13
16
7
1
24
1
24
1
24
1
24
1
23
15
5
7
14
22
19
13
16
7
16
6
18
11
10
19
13
16
13
16
7
16
7
16
13
16
7
16
6
18
11
12
6
18
11
10
10
19
13
16
7
16
6
18
11
12
13
16
23
16
7
16
7
16
7
16
7
16
7
16
7
16
7
8
0
18
11
12
6
18
11
4
0
18
11
6
18
11
12
6
18
11
4
0
18
11
4
0
18
11
12
14
13
16
7
16
22
20
13
16
7
16
7
16
6
18
17
14
11
12
13
16
7
16
7
16
7
16
23
13
16
6
18
11
10
21
15
5
11
12
13
16
7
16
7
16
7
16
7
16
7
16
6
18
11
12
6
18
11
4
5
24
1
24
1
24
1
24
1
24
1
24
1
24
1
24
1
24
1
24
1
24
1
0
15
0
18
11
4
0
18
11
12
6
18
23
13
16
7
16
6
18
11
12
6
18
11
12
13
16
7
16
13
16
7
16
6
18
11
2
17
22
20
13
16
6
18
11
12
6
18
23
7
16
6
18
11
12
6
18
11
12
6
18
11
4
5
16
7
16
7
16
7
16
7
16
7
13
16
7
16
7
16
7
16
6
18
11
2
17
12
6
18
11
12
21
15
20
13
16
6
18
11
4
0
18
11
12
6
18
11
12
13
16
24
1
24
1
24
1
24
1
24
1
24
1
24
1
24
1
24
1
24
1
23
7
1
23
13
16
7
16
7
16
7
16
13
16
7
16
23
13
16
4
6
18
11
12
13
16
7
16
7
16
7
16
7
16
6
18
11
12
6
18
11
2
17
4
0
18
11
4
0
18
11
12
13
16
7
16
7
16
13
16
7
16
7
16
7
16
22
19
13
16
7
16
7
16
6
18
11
4
0
18
11
12
6
17
18
11
12
6
18
11
12
13
16
7
16
7
16
7
16
23
15
10
3
16
7
16
6
18
11
12
6
18
11
4
5
24
1
23
13
16
7
16
7
16
23
13
16
7
16
7
16
7
16
7
16
7
16
6
18
11
12
6
18
11
4
0
15
24
1
24
1
24
1
24
1
24
1
22
20
13
16
7
16
7
16
7
16
7
16
13
16
6
18
11
4
0
18
11
12
6
0
18
23
13
16
7
16
7
16
23
15
20
13
16
23
13
16
6
18
11
4
0
18
11
12
16
7
16
7
15
14
18
11
4
6
18
11
16
22
20
13
16
6
18
11
10
6
18
11
10
21
15
5
7
16
6
18
11
12
6
18
11
4
0
18
11
12
6
18
11
4
0
18
11
12
13
16
22
20
13
16
7
16
23
7
16
7
16
1
24
1
24
1
24
1
19
13
16
7
16
7
16
6
18
11
12
16
6
18
11
4
5
11
4
6
18
11
4
0
18
11
2
17
7
16
6
18
11
4
0
18
11
12
6
18
11
12
6
18
11
4
0
18
11
12
6
18
11
12
6
18
11
12
13
16
23
13
16
13
16
14
20
13
16
13
16
6
18
11
12
24
1
23
22
24
1
23
13
16
7
16
6
18
11
12
13
16
7
16
7
16
6
18
11
12
13
16
7
16
22
20
13
16
6
18
11
4
0
18
11
12
6
18
11
17
4
0
18
11
4
0
18
23
15
24
1
21
15
14
22
8
5
24
1
19
13
16
7
16
7
8
0
18
23
13
16
7
15
14
19
13
16
6
18
11
12
16
7
16
6
18
11
12
6
18
11
16
7
16
6
18
11
12
6
18
11
12
6
18
11
12
7
16
7
16
6
18
11
4
0
18
11
12
13
16
7
16
7
16
7
16
7
16
7
16
6
18
11
12
6
18
11
4
6
18
11
12
13
16
7
15
14
23
15
20
13
16
7
16
7
16
6
18
11
4
0
18
11
4
0
18
11
12
6
18
11
10
6
18
11
4
0
18
11
12
13
16
22
20
13
16
7
16
22
20
13
16
7
16
7
16
6
18
11
4
0
18
11
4
0
18
11
4
0
18
11
12
6
18
11
12
9
13
16
7
16
6
18
11
12
6
18
11
12
6
0
18
23
13
16
7
16
7
16
7
16
7
16
7
16
7
16
6
18
11
4
4
0
18
11
12
6
18
11
4
0
18
23
13
16
6
18
11
4
0
18
11
6
18
11
4
0
18
11
4
0
18
11
12
13
16
7
16
6
6
18
11
10
19
13
16
7
16
7
16
6
3
19
13
16
7
16
0
18
11
4
5
11
12
13
16
23
7
16
7
16
7
16
7
14
18
5
11
4
0
18
11
2
20
13
16
7
16
7
16
6
18
11
4
0
18
11
12
6
18
11
2
17
4
0
18
11
10
19
13
16
7
16
7
16
6
18
11
4
0
18
11
4
5
24
1
24
1
8
0
18
11
12
6
18
11
12
6
18
11
4
5
11
12
13
16
6
18
11
4
5
24
1
24
1
24
1
24
1
24
1
24
1
0
18
11
4
0
18
11
12
13
16
6
18
11
12
6
18
11
4
0
15
3
17
22
20
13
16
6
18
11
12
6
18
4
0
15
14
11
4
0
18
11
4
5
11
12
6
18
23
13
16
7
16
7
16
7
16
7
16
13
16
7
16
23
15
23
16
6
18
11
12
6
18
11
4
0
18
11
12
6
18
11
4
0
18
11
12
6
18
11
12
6
18
11
12
6
18
12
6
20
13
16
7
16
23
0
18
11
4
0
18
11
10
19
13
16
7
16
7
16
7
16
6
18
23
7
16
7
16
7
15
11
2
3
17
12
6
18
23
15
14
24
1
19
13
16
7
16
7
16
7
8
0
20
13
16
6
18
11
4
0
20
13
16
6
18
11
2
19
13
16
7
0
18
11
4
0
18
11
4
5
16
7
16
23
13
16
7
16
7
16
7
16
6
18
11
4
0
18
11
12
13
16
7
16
7
18
11
12
6
18
11
10
10
6
18
11
4
0
18
11
4
0
15
14
13
16
7
16
7
16
7
15
9
3
19
13
16
23
13
16
6
18
11
12
13
16
7
16
19
13
16
7
16
22
24
1
24
1
24
1
4
0
18
11
12
13
16
6
18
11
12
13
16
7
16
6
18
11
12
6
18
11
4
0
15
10
19
13
16
6
18
11
12
6
18
11
12
6
18
11
12
6
18
11
4
5
11
12
6
18
11
2
17
5
11
4
0
18
11
10
10
10
19
13
16
7
16
7
16
7
16
7
16
7
16
7
16
7
16
7
16
7
16
13
16
7
16
13
16
1
0
18
11
12
6
18
11
16
7
16
22
20
13
16
22
20
13
16
7
16
7
16
7
16
6
18
11
12
13
16
7
16
7
16
6
18
11
12
13
16
6
18
11
10
19
13
16
7
16
7
16
7
16
6
18
11
10
19
13
16
7
16
6
18
11
4
0
18
11
4
0
18
11
4
21
15
24
1
24
1
23
13
16
6
18
11
12
6
18
11
4
0
15
14
20
13
16
7
16
7
16
7
16
7
16
6
18
11
12
6
18
11
12
6
18
11
4
0
15
14
18
11
12
3
17
14
10
19
13
16
8
0
18
11
4
0
18
11
12
6
18
11
4
0
18
11
4
0
15
20
13
16
7
16
7
16
7
21
15
10
21
15
3
17
4
0
18
11
12
9
18
11
12
6
18
11
12
6
18
11
4
5
24
1
24
1
24
1
21
15
24
1
23
15
20
13
16
13
16
7
16
7
16
6
18
11
2
15
20
13
16
6
18
11
12
13
16
22
20
13
16
6
18
11
2
16
7
16
7
16
7
1
24
1
24
1
24
1
24
1
24
1
24
1
24
1
24
1
24
1
24
1
24
1
24
1
24
1
24
1
24
1
23
22
20
13
16
7
16
14
13
16
6
18
11
4
0
15
18
11
12
6
18
11
4
0
18
11
4
0
18
11
12
13
16
6
18
11
12
10
19
13
16
6
18
11
12
7
16
6
18
11
4
5
24
1
24
1
23
15
0
15
14
13
16
0
18
11
12
18
11
4
0
18
11
4
0
18
11
12
13
16
7
16
7
16
7
15
14
13
16
6
18
23
15
5
11
4
0
15
23
22
23
15
20
13
16
7
16
7
11
4
0
16
6
18
11
12
13
16
7
16
23
13
16
6
18
11
4
5
11
12
6
18
11
12
6
18
11
12
13
16
7
16
6
18
11
4
0
15
24
1
23
13
16
22
20
13
16
7
16
6
18
11
10
10
19
13
16
6
18
11
4
6
18
11
4
0
18
11
12
9
13
16
6
18
11
4
0
18
11
4
5
24
1
24
1
13
16
6
18
11
12
13
16
7
16
6
18
11
12
6
20
13
16
22
20
13
16
6
18
11
4
0
18
11
4
0
18
11
12
16
6
18
11
4
0
18
11
10
19
13
16
6
18
11
4
0
18
23
15
24
1
24
1
24
1
24
1
24
1
24
1
24
1
24
1
8
0
18
11
12
13
16
7
16
7
16
6
18
12
13
16
6
18
11
4
0
18
11
4
0
18
11
4
0
18
11
12
6
18
11
4
0
18
11
2
17
21
15
14
13
16
7
16
6
18
11
12
6
18
11
12
7
15
20
13
16
7
16
7
16
7
16
6
18
11
12
6
18
11
4
5
11
12
16
7
16
7
16
2
17
4
0
18
11
12
13
16
6
18
11
12
13
16
6
18
11
10
19
13
16
6
18
11
12
7
16
7
21
15
10
10
6
18
11
6
18
11
4
0
18
11
4
0
15
14
19
13
16
7
16
6
18
11
12
9
2
17
12
13
16
22
20
13
16
6
18
11
2
17
12
6
18
11
12
13
16
7
13
16
7
16
7
16
22
11
24
1
24
1
21
15
14
20
13
16
7
16
6
18
11
4
0
15
5
11
4
0
18
11
4
0
18
11
19
13
16
22
20
13
16
7
16
6
6
18
11
4
0
18
23
13
16
7
16
23
15
10
10
19
13
16
6
18
11
4
0
18
11
4
0
18
11
12
13
16
7
16
13
16
7
16
15
11
12
6
18
11
4
0
15
10
19
13
16
13
16
7
16
7
16
6
3
17
4
5
11
12
7
16
7
16
7
16
7
16
6
18
11
12
10
19
13
16
2
17
4
0
18
23
13
16
6
18
11
12
13
16
0
18
11
4
0
18
11
12
13
16
6
18
11
12
13
16
6
18
11
12
6
18
11
4
0
18
11
12
6
18
11
4
0
18
11
4
5
24
1
24
1
24
1
24
1
24
1
19
13
16
7
16
6
18
23
15
3
22
20
13
16
7
16
7
16
22
20
13
16
6
18
11
12
6
18
11
12
6
18
11
16
7
16
6
24
1
24
1
5
7
16
7
16
7
16
7
16
7
16
6
18
11
12
6
18
11
12
9
2
17
12
6
18
11
15
14
18
23
15
5
19
13
16
7
16
22
24
1
24
1
24
1
24
1
13
16
7
16
7
16
6
18
11
6
18
12
6
18
11
12
6
18
11
10
19
13
16
7
16
6
18
2
17
4
0
15
20
13
16
6
18
11
4
0
18
11
4
0
18
2
0
18
11
12
13
16
6
18
11
4
0
18
11
12
13
16
6
18
11
12
13
16
7
16
6
18
11
12
7
16
7
16
6
18
11
4
0
18
11
4
5
11
4
5
11
10
10
2
17
12
6
18
11
12
13
16
7
16
13
16
7
16
7
16
13
16
13
16
23
13
16
6
18
11
4
0
20
13
16
7
16
23
15
11
4
0
18
11
4
0
18
11
12
6
18
11
12
1
22
20
13
16
22
20
13
16
6
18
11
12
6
18
11
12
6
18
18
11
4
0
18
11
12
13
16
7
16
23
15
0
18
11
12
6
18
11
12
6
18
11
4
0
18
11
4
0
15
14
13
16
7
16
6
18
11
4
0
18
11
12
6
18
11
4
0
15
3
19
13
16
7
16
13
16
7
16
6
18
11
4
0
18
11
12
3
19
13
16
6
18
24
1
24
1
23
13
16
7
16
7
16
7
16
7
16
22
20
13
16
7
15
20
13
16
7
16
7
16
6
18
11
4
0
18
11
10
22
24
1
24
1
11
12
3
19
13
16
23
13
16
13
16
5
11
10
6
18
11
4
0
18
11
4
0
18
11
4
5
11
12
6
18
11
6
18
11
4
0
18
11
24
1
24
1
24
1
24
1
23
15
14
18
11
12
6
18
11
12
5
24
1
24
1
24
1
24
1
24
1
23
13
16
7
16
6
18
11
12
6
18
11
16
7
16
6
18
11
4
0
15
14
13
16
7
16
6
18
11
12
16
8
0
15
10
21
15
14
18
11
12
6
18
11
4
5
11
12
6
18
11
10
19
13
16
7
16
22
23
7
16
7
16
7
16
7
16
6
10
19
13
16
7
16
7
16
6
18
11
4
0
18
11
12
3
19
13
16
13
16
7
16
7
16
6
18
11
4
0
18
23
15
10
19
13
16
21
15
24
1
24
1
24
1
11
12
6
18
11
4
0
18
11
12
13
16
6
18
11
6
18
11
4
23
7
16
7
16
7
15
20
13
16
7
16
6
18
23
15
11
12
6
18
11
12
13
19
13
16
7
16
22
15
5
11
4
0
18
11
12
13
16
7
16
7
11
4
0
15
8
13
16
7
16
7
16
7
16
13
16
7
16
13
16
7
16
7
16
6
18
23
4
0
18
11
4
21
15
24
1
23
15
20
13
16
6
18
11
12
13
16
7
16
7
16
6
18
11
12
13
16
6
18
23
13
16
22
20
13
16
7
16
7
16
7
16
7
16
7
16
6
18
11
4
0
15
20
13
16
7
16
22
4
5
24
1
24
1
24
1
24
1
23
15
14
18
11
4
0
18
11
12
6
18
11
10
6
0
15
14
18
11
9
2
17
7
16
7
16
7
16
6
18
23
15
14
11
4
5
11
24
1
24
1
23
13
16
2
0
18
23
13
16
7
16
7
16
7
16
7
16
7
16
6
18
11
12
13
16
6
18
11
4
0
15
3
19
13
16
6
18
11
10
19
13
16
7
16
7
16
12
6
18
11
4
5
7
16
7
15
0
18
11
12
13
16
7
16
7
12
13
16
7
16
7
16
7
16
7
16
7
16
7
16
6
18
11
4
0
18
23
15
20
13
16
6
18
11
12
6
18
11
4
0
18
11
12
13
16
6
18
11
16
7
16
7
16
6
18
11
4
0
18
11
12
6
18
11
12
6
18
11
12
6
18
11
12
6
18
11
12
6
18
11
12
13
16
6
18
23
13
16
6
18
11
12
6
18
11
12
13
16
0
18
11
12
6
18
2
19
13
16
6
18
11
12
6
18
11
12
13
16
7
1
24
1
24
1
12
6
18
11
4
0
20
13
16
13
16
7
2
17
17
4
5
24
1
24
1
24
1
24
1
0
18
11
22
23
13
16
8
0
18
11
12
3
17
12
13
16
7
16
7
16
7
16
7
16
7
16
7
16
7
1
24
1
24
1
24
1
24
1
24
1
24
1
24
1
23
15
14
22
20
13
16
7
16
7
16
22
19
13
16
6
3
19
13
16
7
16
23
22
20
13
16
23
24
1
24
1
8
2
0
18
11
12
6
18
11
12
16
7
16
7
16
7
16
6
18
11
4
8
0
18
11
4
0
18
23
22
24
1
24
1
24
1
24
1
24
1
24
1
24
1
24
1
24
1
21
15
14
20
13
16
22
11
4
0
18
11
4
0
15
5
24
1
24
1
8
9
2
17
14
13
16
7
16
6
18
11
12
7
16
6
18
11
12
6
18
11
12
13
16
7
16
7
16
7
16
13
16
7
20
13
16
7
16
23
13
16
7
16
7
16
7
16
6
18
11
12
9
2
17
12
6
18
11
4
0
18
11
12
13
16
7
16
6
18
11
10
19
13
16
6
18
11
6
18
23
13
16
6
18
11
4
0
18
11
12
6
6
18
11
4
0
18
11
4
21
15
24
1
23
13
16
6
18
11
12
6
18
11
12
13
16
7
16
6
6
18
11
12
6
18
11
4
0
18
11
2
3
19
13
16
22
20
13
16
13
16
6
18
11
12
13
16
6
18
11
4
0
18
11
12
7
16
13
16
7
16
6
18
11
12
6
18
4
0
15
14
18
11
10
19
13
16
6
18
11
4
0
18
11
4
0
15
20
13
16
7
16
22
23
13
16
6
18
11
4
0
18
11
12
13
16
7
16
6
18
11
12
6
18
11
12
6
18
11
4
0
18
11
4
0
18
11
10
19
13
16
6
18
23
15
18
11
4
5
11
12
7
16
7
16
7
16
7
16
7
16
7
16
6
18
11
2
17
22
20
13
16
6
18
11
21
15
5
24
1
24
1
24
1
24
1
24
1
24
1
1
24
1
23
13
16
7
8
0
18
11
4
0
18
23
13
16
6
18
11
12
13
16
7
16
0
18
11
12
15
24
1
24
1
24
1
24
1
24
1
23
13
16
13
16
7
16
7
16
7
16
6
18
11
4
0
18
11
12
18
11
4
0
15
20
13
16
7
16
7
16
6
18
11
4
0
15
20
13
16
7
16
22
20
13
16
7
16
6
18
11
12
13
16
7
16
7
16
7
16
7
14
24
1
24
1
24
1
24
1
24
1
23
22
20
13
16
7
16
6
18
11
12
13
16
7
16
7
16
7
16
7
16
7
16
22
24
1
24
1
24
1
24
1
24
1
24
1
24
1
24
1
21
15
10
21
15
5
7
16
6
18
11
4
21
15
20
13
16
7
16
7
16
6
18
11
12
6
18
11
12
6
18
11
4
0
15
10
21
15
10
19
13
16
7
12
13
16
6
18
11
12
6
18
11
12
6
18
11
10
21
15
5
11
2
17
11
12
6
18
11
4
0
18
11
12
13
16
22
20
13
16
7
16
7
2
9
2
17
4
0
15
14
18
11
12
13
16
13
16
7
16
7
16
6
18
11
4
0
18
11
12
6
18
11
12
6
18
11
12
13
16
6
18
11
4
0
18
11
12
13
16
7
16
6
18
11
12
6
18
11
4
0
18
11
12
7
16
7
16
6
18
11
12
13
16
7
16
6
18
11
12
13
16
6
18
11
12
6
18
11
12
6
18
11
4
0
18
11
12
6
18
11
12
13
16
7
16
22
20
13
16
7
16
22
20
13
16
6
18
11
12
6
18
11
4
20
13
16
6
18
11
4
0
18
11
4
21
15
14
9
2
17
12
6
18
11
12
6
18
11
12
9
2
17
12
13
16
13
16
6
18
23
15
3
19
13
16
7
16
7
16
6
18
11
4
5
24
1
24
1
24
1
24
1
24
1
21
15
5
24
1
24
1
24
1
24
1
19
13
16
7
16
7
16
23
13
16
6
18
11
4
0
18
11
12
6
18
11
4
0
15
10
21
15
20
13
16
7
16
13
16
7
16
22
15
14
9
9
2
17
4
23
13
16
6
18
11
12
6
18
11
10
10
6
18
11
2
9
2
19
13
16
7
16
7
16
22
20
13
16
7
16
13
16
7
16
6
18
11
10
19
13
16
6
18
11
12
6
18
11
4
5
7
16
6
18
11
2
18
11
12
13
16
6
18
11
12
7
16
7
2
9
19
13
16
23
13
16
7
16
7
16
7
16
6
18
11
4
0
15
14
11
12
6
18
11
12
6
18
11
4
0
18
11
12
6
18
11
12
6
18
11
4
0
18
11
4
0
18
11
12
6
18
11
12
3
22
0
18
11
4
0
18
11
12
6
18
11
10
10
10
21
15
20
13
16
7
16
14
18
23
13
16
16
7
8
0
18
11
12
13
16
7
16
7
1
24
1
24
1
24
1
24
1
8
0
18
11
12
6
18
11
12
6
18
2
17
10
19
13
16
7
15
14
20
13
16
22
23
15
20
13
16
7
16
6
18
11
12
6
18
11
4
0
18
11
12
6
18
11
4
0
18
11
12
6
18
11
12
13
16
7
16
6
18
11
12
6
18
11
4
0
18
11
4
0
15
14
9
2
19
13
16
22
24
1
24
1
24
1
24
1
21
6
18
11
4
5
11
4
21
15
20
13
16
7
16
17
11
4
0
18
11
4
5
24
1
24
1
24
1
24
1
24
1
24
1
24
1
24
1
8
0
18
11
12
13
16
8
0
18
11
4
0
18
11
12
6
18
11
4
5
11
10
19
13
16
6
18
11
4
0
18
11
4
0
18
11
4
0
18
11
4
15
14
11
12
6
18
11
12
13
16
22
20
13
16
23
13
16
7
16
7
16
7
2
9
2
17
4
0
18
11
10
19
13
16
22
20
13
16
6
18
11
18
22
20
13
16
7
13
16
6
18
11
10
19
13
16
7
16
23
15
11
12
13
16
7
16
7
16
7
16
7
13
16
7
15
3
19
13
16
7
16
7
16
6
18
11
4
0
18
11
4
0
18
11
4
5
12
6
18
11
2
17
4
0
15
20
13
16
7
1
23
16
22
20
13
16
7
16
7
16
6
18
11
4
0
15
14
18
11
4
0
15
14
11
4
0
18
11
12
13
16
22
20
13
16
7
16
7
16
7
16
7
16
13
16
6
18
11
12
13
16
2
17
8
1
24
1
24
1
24
1
24
1
23
15
14
18
11
2
17
12
6
18
11
4
5
11
0
18
11
12
7
16
7
16
7
16
6
18
11
12
13
16
22
20
13
16
7
16
7
1
24
1
23
13
16
6
18
11
4
0
18
11
4
0
18
11
12
13
16
7
16
6
18
11
12
13
16
22
20
13
16
7
16
7
16
7
16
7
16
7
16
7
16
7
16
13
16
7
20
13
16
12
6
18
11
4
0
18
11
12
6
18
11
4
0
18
11
12
6
18
11
4
0
18
11
12
8
0
15
14
11
12
6
18
11
4
0
18
11
4
21
15
10
21
15
3
22
23
13
16
7
16
6
18
11
4
0
18
11
12
13
16
7
16
7
1
24
1
23
13
16
22
24
1
24
1
24
1
24
1
24
1
24
1
24
1
21
15
3
17
7
16
7
16
13
16
6
0
18
11
4
5
11
12
13
16
6
18
11
4
15
14
24
1
23
22
20
13
16
6
18
11
4
0
18
11
12
13
16
6
18
11
12
6
18
11
12
6
18
11
12
6
18
11
12
6
18
11
12
6
18
11
12
16
7
16
7
16
7
16
6
18
23
7
16
6
18
11
4
5
11
4
21
15
10
10
10
19
13
16
6
18
11
12
13
16
7
20
13
16
6
18
12
6
18
11
12
13
16
7
16
7
16
6
18
11
4
0
18
11
4
5
11
4
0
18
11
12
13
16
22
20
13
16
6
18
11
10
4
21
15
14
18
11
4
0
18
11
12
6
18
11
12
13
16
7
16
6
18
11
6
18
11
12
6
18
11
4
0
18
11
12
6
18
11
12
13
16
7
16
7
15
20
13
16
6
18
11
12
13
16
7
16
7
15
24
1
24
1
24
1
24
1
24
1
24
1
24
1
22
20
13
16
7
16
7
16
7
16
7
13
16
7
16
7
15
3
19
13
16
10
19
13
16
6
18
11
4
0
18
11
4
0
18
11
4
15
10
10
19
13
16
23
13
16
7
16
7
16
7
16
6
18
11
12
13
16
7
16
0
15
10
19
13
16
6
18
11
4
0
18
11
12
13
16
7
16
7
16
7
16
6
18
11
4
5
24
1
24
1
19
13
16
13
16
13
16
7
16
6
0
18
11
4
0
18
11
12
13
16
7
16
7
16
7
16
7
16
6
18
11
4
0
18
11
4
0
18
11
12
6
18
11
4
6
18
11
12
6
18
11
6
18
11
12
6
18
11
10
21
15
5
11
12
6
18
11
4
0
18
11
12
6
18
11
12
13
16
6
18
11
4
0
18
11
12
13
16
7
16
6
18
11
4
0
18
11
4
23
13
16
7
16
6
18
11
4
0
18
12
6
18
11
12
13
16
7
16
7
16
7
16
7
16
7
16
13
16
22
20
13
16
7
16
7
16
7
16
13
16
7
16
7
16
7
16
7
16
13
16
7
16
6
18
11
12
6
18
13
16
7
16
7
16
13
16
7
16
7
16
7
16
7
16
6
18
11
10
21
15
14
12
6
18
11
4
0
18
11
4
0
18
11
12
6
18
11
12
13
16
6
18
11
4
0
18
11
4
0
18
11
4
0
18
11
4
0
18
11
12
10
21
15
10
6
18
11
12
13
16
6
18
11
4
0
18
11
4
0
18
11
12
6
18
11
22
20
13
16
13
16
7
16
22
23
13
16
13
19
13
16
6
18
23
15
14
18
11
4
0
18
11
12
6
18
11
12
13
16
6
18
11
12
6
18
11
16
6
3
22
20
13
16
6
18
11
4
0
18
11
12
20
13
16
7
16
6
18
11
4
5
11
12
6
0
18
11
2
17
4
0
15
5
11
12
6
18
11
12
6
18
11
4
0
18
11
4
0
18
11
17
12
13
16
7
16
6
18
11
4
0
18
11
12
3
19
13
16
7
16
7
16
7
16
6
6
18
11
4
0
18
23
7
16
6
18
12
6
18
11
12
6
18
11
4
5
11
4
0
18
11
12
6
18
11
4
0
18
11
12
6
18
11
12
6
18
11
4
0
18
11
12
6
18
11
4
0
15
14
13
16
7
16
6
18
11
12
13
16
7
16
23
13
16
7
16
7
16
7
16
7
16
7
16
7
16
6
18
11
4
5
24
1
24
1
0
18
11
4
0
18
11
12
6
18
11
4
0
18
18
11
12
23
13
16
13
16
23
13
16
7
16
6
18
23
13
16
7
16
7
16
7
16
13
16
6
18
11
4
0
18
23
13
16
7
16
7
16
7
14
23
24
1
24
1
24
1
24
1
24
1
8
0
18
11
12
6
18
11
4
0
15
14
11
0
18
11
4
0
18
11
12
13
16
7
16
22
20
13
16
7
16
7
16
7
16
13
16
7
16
6
18
11
4
0
18
11
12
13
16
7
16
7
16
6
18
11
12
13
16
7
16
7
16
23
13
16
7
2
0
15
3
19
13
16
13
16
6
18
11
4
0
18
11
10
21
15
3
17
7
16
6
18
11
12
6
18
11
10
10
21
15
10
19
13
16
7
16
6
18
11
12
13
16
7
16
6
18
11
4
0
18
11
12
13
16
7
16
7
16
7
16
2
17
7
1
24
1
24
1
24
1
22
24
1
24
1
24
1
24
1
23
13
16
6
18
11
12
13
16
7
16
6
18
11
4
0
18
11
4
5
11
4
0
18
11
12
6
18
11
12
6
18
11
4
0
18
11
12
13
16
7
16
6
18
11
12
6
18
11
4
0
18
11
12
13
16
7
16
7
16
7
16
7
16
7
1
24
1
24
1
24
1
24
1
24
1
24
1
24
1
23
15
14
20
13
16
6
18
11
12
6
18
11
12
6
18
11
10
21
15
23
15
5
24
1
24
1
24
1
24
1
24
1
24
1
24
1
24
1
24
1
24
1
23
13
16
22
20
13
16
6
18
11
4
5
24
1
24
1
24
1
24
1
24
1
24
1
24
1
24
1
24
1
24
1
24
1
19
13
16
7
16
6
18
11
4
0
18
11
4
0
18
11
6
18
11
12
6
18
11
6
18
11
4
0
18
23
13
16
7
16
6
18
11
4
0
18
11
12
7
16
7
16
7
16
7
16
7
16
6
18
23
7
16
7
16
7
8
0
18
11
12
6
18
11
12
11
12
6
18
11
4
0
18
11
4
0
18
11
4
0
18
11
4
0
18
11
4
0
18
11
12
13
16
13
16
7
16
6
18
11
12
16
7
16
6
18
11
24
1
24
1
23
15
11
12
13
16
7
15
20
13
16
23
7
16
7
16
6
18
11
12
6
18
11
10
19
13
16
7
16
7
8
0
18
11
12
6
18
11
12
6
18
11
4
0
18
11
12
13
16
6
18
11
12
13
16
7
16
13
16
7
16
7
16
2
17
12
6
18
11
4
5
11
12
7
16
13
16
1
24
1
24
1
23
13
16
22
11
10
21
15
23
15
14
23
13
16
7
16
13
16
7
16
7
18
11
4
0
18
11
12
6
18
11
4
0
18
11
12
13
16
13
16
7
16
6
18
23
13
16
6
18
11
12
6
18
11
4
5
11
4
0
18
11
4
0
15
5
24
1
24
1
24
1
8
0
18
11
12
6
18
11
12
13
16
14
24
1
24
1
24
1
24
1
24
1
23
7
16
23
7
16
6
18
11
4
0
15
10
19
13
16
7
16
7
16
7
16
6
18
11
12
13
16
1
24
1
24
1
24
1
22
20
13
16
7
16
7
16
7
16
6
18
11
2
17
7
16
6
18
11
4
0
15
20
13
16
7
15
5
24
1
4
0
18
11
12
13
16
7
16
13
16
7
16
7
16
13
16
7
16
7
16
23
13
16
6
18
11
4
5
11
4
5
11
4
0
18
11
12
6
18
5
19
13
16
7
1
24
1
24
1
24
1
24
1
24
1
24
1
24
1
24
1
24
1
21
15
10
14
18
11
4
0
18
11
12
6
18
11
12
13
16
7
16
22
20
13
16
22
20
13
16
7
16
7
16
7
16
7
16
6
18
11
12
6
18
11
12
13
16
6
18
11
16
7
16
7
16
13
16
6
18
11
4
0
18
23
15
14
18
23
8
0
18
11
4
0
15
5
24
1
24
1
24
1
24
1
24
1
23
13
16
7
16
7
16
7
16
7
16
2
17
4
0
18
11
4
0
18
11
4
0
15
14
18
11
12
6
18
11
4
5
11
4
0
18
11
12
6
18
11
10
21
15
14
13
16
7
16
6
18
11
4
5
11
12
13
16
7
16
6
18
11
12
7
16
6
18
11
4
0
18
11
12
9
2
17
22
20
13
16
7
16
7
16
23
13
16
6
18
11
12
6
18
23
13
16
7
16
7
16
7
16
7
16
7
16
7
16
7
16
6
18
23
15
23
13
16
7
16
7
16
6
18
11
4
0
18
11
12
13
16
6
18
11
4
5
11
12
9
2
17
12
6
18
11
4
0
18
11
4
0
18
11
12
13
16
7
16
7
16
7
15
24
1
24
1
24
1
24
1
24
1
24
1
24
1
24
1
24
1
24
1
24
1
24
1
24
1
23
13
16
7
16
22
20
13
16
22
23
15
14
13
16
7
16
7
16
6
18
11
4
0
18
11
12
6
18
11
24
1
24
1
21
15
20
13
16
7
16
2
17
18
11
4
6
18
11
12
24
1
24
1
24
1
23
3
21
15
9
9
1
24
1
24
1
24
1
24
1
23
13
16
7
16
13
16
7
16
6
18
11
12
9
13
16
7
16
7
16
23
15
14
13
16
7
18
11
12
6
18
11
4
0
18
11
12
13
16
7
16
6
18
11
4
0
15
11
10
19
13
16
13
16
7
16
7
16
7
16
7
16
13
16
0
18
23
13
16
7
16
13
19
13
16
6
18
11
12
17
12
6
18
11
12
6
18
23
13
16
7
16
7
16
7
16
2
0
18
11
4
0
18
11
4
0
15
10
6
18
11
6
6
18
11
12
13
16
7
16
7
16
7
16
7
15
20
13
16
7
16
6
18
11
12
13
16
7
16
22
20
13
16
7
16
7
16
7
16
7
8
0
18
11
12
6
18
11
12
6
18
13
16
7
16
7
16
7
16
7
16
15
14
23
13
16
7
16
6
18
11
2
17
15
14
20
13
16
7
16
6
18
11
12
6
18
11
12
6
18
11
12
13
16
6
18
11
12
6
18
11
4
0
18
11
4
0
18
23
13
16
6
18
11
4
0
18
11
4
0
18
11
4
0
18
11
12
13
16
7
16
6
18
11
2
0
18
11
12
10
19
13
16
7
16
7
16
7
16
7
16
0
15
14
11
12
13
16
7
1
24
1
24
1
24
1
24
1
24
1
21
15
0
15
20
13
16
2
17
18
11
4
0
18
11
4
21
15
14
13
16
7
16
7
16
22
0
18
11
12
6
18
23
15
14
13
16
6
18
11
12
6
18
11
12
6
18
11
4
0
18
11
4
0
18
23
22
20
13
16
7
15
10
19
13
16
6
18
23
7
9
13
16
7
16
6
18
11
10
21
15
14
11
4
5
24
1
24
1
24
1
24
1
24
1
24
1
24
1
23
15
20
13
16
10
16
6
18
11
4
5
24
1
24
1
24
1
24
1
23
12
6
18
11
4
0
18
11
4
5
7
16
6
18
11
4
0
18
11
12
6
18
11
12
6
18
11
4
0
18
11
12
13
16
23
13
16
7
16
15
14
20
13
16
7
14
6
18
11
12
3
21
15
10
19
13
16
7
16
7
16
7
16
7
16
7
16
7
15
20
13
16
7
18
11
4
5
7
16
7
16
7
16
7
16
6
18
11
4
0
18
11
12
13
16
6
0
18
11
4
0
15
20
13
16
7
16
7
16
7
16
2
17
12
6
18
11
4
5
7
16
7
16
7
16
22
19
13
16
6
18
11
4
0
18
11
4
5
11
4
0
18
11
4
0
15
14
11
4
0
18
11
4
5
24
1
24
1
24
1
5
24
1
24
1
8
0
18
11
4
0
18
11
4
5
11
4
0
18
11
4
0
18
11
12
13
16
6
18
11
4
0
18
11
4
0
18
11
12
6
18
11
12
13
16
7
15
0
18
11
4
0
18
11
12
6
18
11
12
6
18
11
12
13
16
7
16
22
19
13
16
7
16
7
16
6
18
11
12
6
0
18
11
12
6
18
11
4
0
18
11
12
6
18
11
4
0
18
11
4
0
15
20
13
16
7
16
7
16
7
16
7
16
7
16
6
18
11
4
0
18
11
12
13
16
7
16
7
16
6
18
11
4
0
18
11
4
0
20
13
16
6
18
11
4
0
18
11
10
21
15
14
20
13
16
13
16
6
18
11
12
6
18
11
4
0
18
11
10
19
13
16
6
18
11
12
6
0
18
11
2
17
22
8
0
18
11
4
5
24
1
24
1
24
1
23
13
16
7
16
7
16
7
16
7
16
7
16
6
18
11
12
6
18
11
12
13
16
6
18
11
4
0
18
11
12
13
16
7
16
7
16
7
16
6
18
11
2
17
12
13
16
13
16
6
18
11
4
0
15
24
1
24
1
19
13
16
6
18
11
4
0
18
11
12
13
12
6
18
11
4
0
18
11
4
0
18
11
12
6
18
11
12
13
16
7
16
7
16
7
16
7
16
13
16
6
18
11
4
5
11
12
6
18
11
4
0
15
3
21
15
14
23
7
16
7
16
6
18
11
12
13
16
6
18
11
4
0
18
11
12
13
16
7
16
6
6
18
11
2
22
20
13
16
7
16
7
16
7
16
3
19
13
16
7
16
7
16
6
18
11
4
0
18
23
13
16
6
18
11
12
13
16
7
16
7
16
14
20
13
16
13
16
7
16
13
16
7
16
7
16
22
24
1
24
1
23
15
23
15
20
13
16
7
16
7
8
0
15
14
20
13
16
7
16
23
13
16
6
18
11
12
6
18
23
13
16
6
18
11
12
6
18
11
4
0
18
11
12
6
18
11
4
0
18
11
10
21
15
20
13
16
6
18
11
12
6
18
11
21
23
24
1
24
1
24
1
23
15
3
19
13
16
23
13
16
7
16
6
18
11
12
6
18
11
12
6
18
11
12
13
16
7
16
6
18
11
12
13
16
7
16
7
16
7
16
7
16
7
16
23
13
16
22
20
13
16
7
15
14
20
13
16
7
16
7
16
7
16
7
16
7
16
7
16
6
18
11
4
0
15
16
6
18
11
6
18
11
10
21
15
14
18
11
4
0
18
12
13
16
6
18
11
12
6
18
11
12
6
18
11
12
6
18
11
4
5
24
1
24
1
24
1
24
1
24
1
24
1
24
1
10
1
24
1
23
13
16
12
6
6
18
11
12
13
16
6
18
11
4
0
18
23
15
20
13
16
7
15
5
11
4
0
18
11
12
6
18
11
12
13
16
7
16
7
16
13
16
7
16
6
18
11
12
6
18
18
11
12
6
18
11
12
6
18
23
7
16
7
16
7
16
7
16
6
18
23
13
16
6
18
11
12
9
2
17
12
6
18
11
4
0
18
11
4
0
15
10
19
13
16
16
7
16
7
16
6
18
11
4
0
18
22
0
18
23
13
16
7
16
7
16
6
18
11
12
6
18
23
7
16
7
16
7
16
22
24
1
24
1
24
1
24
1
24
1
23
15
10
14
19
13
16
13
16
6
18
11
6
18
11
12
6
18
11
22
20
13
16
7
16
6
18
11
4
0
15
20
13
16
23
3
19
13
16
6
18
11
12
13
16
6
18
12
6
18
11
12
13
16
13
16
7
16
23
13
16
6
18
11
12
6
18
11
4
0
18
11
12
13
16
6
18
11
4
0
1
24
1
8
0
18
11
12
13
16
7
16
7
16
7
16
7
16
7
16
23
15
20
13
16
2
19
13
16
23
13
16
7
15
14
11
12
6
18
11
12
6
18
13
16
15
20
13
16
7
16
6
18
11
12
9
2
17
13
16
6
18
11
12
13
16
2
19
13
16
7
16
7
16
7
16
6
18
11
12
6
18
11
20
13
16
7
16
6
18
11
12
6
18
11
4
5
24
1
23
13
16
7
16
6
18
4
0
18
11
12
13
16
6
18
11
4
21
15
14
13
16
7
16
7
16
7
16
23
13
16
6
18
23
13
16
7
16
6
18
11
10
21
3
19
13
16
6
18
11
4
0
18
11
4
0
18
11
4
0
18
11
12
23
15
20
13
16
7
16
6
18
11
12
6
18
11
12
7
16
6
19
13
16
7
16
7
16
7
16
6
18
11
12
6
18
11
12
13
16
7
16
7
16
7
16
7
16
7
12
13
16
7
16
7
16
22
20
13
16
7
16
6
18
11
12
6
18
11
12
7
16
7
16
7
16
7
16
7
1
21
15
20
13
16
6
18
11
4
0
18
11
12
6
18
11
12
6
18
11
4
0
18
11
4
5
11
12
20
13
16
13
16
7
15
11
12
23
13
16
7
16
6
18
11
4
0
18
11
12
6
18
11
12
13
16
7
16
7
16
7
15
24
1
23
13
16
13
16
6
18
11
12
7
16
7
1
24
1
23
7
16
7
16
6
18
11
12
6
18
11
12
20
13
16
7
16
6
18
11
4
0
18
11
4
0
18
11
4
0
18
11
12
13
16
7
16
21
15
14
20
13
16
7
16
7
16
6
18
11
10
19
13
16
7
16
7
16
7
16
6
18
11
10
10
19
13
16
7
16
7
16
7
16
13
16
7
16
7
16
6
18
23
15
0
15
14
18
11
4
0
18
18
11
4
0
15
24
1
24
1
24
1
24
1
23
13
16
7
16
6
18
11
12
6
18
11
10
21
15
14
22
20
13
16
7
16
0
18
11
12
13
16
6
18
11
4
5
11
2
17
15
14
23
15
14
20
13
16
6
18
11
4
0
18
11
4
0
18
11
12
6
18
11
10
21
15
24
1
23
13
16
7
16
7
16
7
16
7
15
14
13
16
7
16
13
16
8
0
15
10
6
18
23
13
16
7
16
6
18
11
12
6
18
11
12
13
16
7
16
13
16
6
18
11
12
6
18
11
4
0
15
24
1
24
1
24
1
24
1
24
1
8
0
18
11
4
5
11
12
6
18
11
12
6
18
11
12
6
18
11
12
13
16
7
16
7
1
24
1
24
1
24
1
24
1
24
1
24
1
24
1
24
1
24
1
24
1
23
15
1
23
13
16
6
18
11
12
6
18
11
4
0
18
11
2
17
12
6
0
18
11
4
0
18
11
4
5
7
16
7
16
7
14
11
12
6
18
11
4
0
18
11
4
0
18
11
4
5
11
4
5
24
1
19
13
16
1
24
1
23
13
16
6
18
11
12
13
16
6
18
11
4
0
18
2
17
7
16
7
16
7
16
13
16
7
16
6
18
11
12
13
16
7
16
7
16
7
16
6
18
17
15
10
21
15
0
18
11
12
13
16
7
16
6
18
11
12
6
18
11
4
0
18
11
12
13
16
7
16
6
18
11
12
13
16
7
16
7
16
22
23
10
21
15
20
13
16
7
16
7
16
7
16
7
16
7
16
7
16
6
18
11
2
9
2
16
6
18
11
4
5
24
1
24
1
24
1
24
1
24
1
24
1
24
1
24
1
24
1
24
1
23
13
16
7
16
7
16
2
17
12
6
18
11
12
6
18
11
4
5
19
13
16
7
16
7
16
7
16
6
18
11
12
6
18
11
2
19
13
16
7
16
7
16
13
16
6
18
11
12
10
21
15
20
13
16
6
18
11
2
17
12
6
18
11
12
3
19
13
16
6
18
11
12
13
16
6
18
23
13
16
6
18
11
4
5
24
1
23
13
16
6
18
12
13
16
7
16
6
18
11
22
23
13
16
6
18
11
4
0
18
11
4
0
18
23
13
16
7
8
0
15
10
2
7
16
6
18
11
4
0
15
14
20
13
16
6
18
2
0
18
11
12
6
0
18
11
4
5
11
4
0
18
11
12
23
15
5
11
4
0
18
12
6
18
11
12
13
16
7
16
6
18
11
12
13
16
6
18
11
4
5
24
1
24
1
24
1
24
1
24
1
22
24
1
24
1
24
1
24
1
24
1
23
15
20
13
16
7
16
6
18
11
4
0
18
11
15
1
8
0
15
20
13
16
23
15
24
1
24
1
24
1
24
1
24
1
24
1
24
1
23
13
16
7
16
7
16
7
16
6
18
11
12
13
16
6
18
11
10
21
15
23
13
16
7
16
7
16
13
16
7
16
6
18
23
13
16
7
16
7
16
7
16
7
13
16
23
15
14
1
24
1
24
1
24
1
24
1
24
1
24
1
24
1
24
1
24
1
24
1
24
1
24
1
24
1
24
1
24
1
24
1
24
1
24
1
13
16
6
18
11
12
6
18
11
2
17
7
8
0
18
11
17
4
0
18
11
12
6
18
23
15
11
12
6
18
11
4
0
18
11
4
5
24
1
24
1
21
15
5
24
1
24
1
24
1
24
1
24
1
22
19
13
16
7
16
7
16
7
16
7
15
14
13
16
7
16
7
16
13
16
7
16
7
16
7
16
13
16
13
16
7
16
7
15
24
1
24
1
13
16
7
16
7
16
6
18
11
12
6
18
11
12
3
6
18
11
12
9
0
18
23
13
16
7
13
16
7
16
7
16
23
7
16
7
16
7
16
7
16
7
16
4
0
18
23
5
24
1
24
1
24
1
24
1
23
15
10
19
13
16
6
18
11
4
0
15
14
11
4
5
24
1
24
1
24
1
8
0
18
11
12
6
18
11
12
6
18
11
12
6
18
11
4
0
18
23
15
8
9
2
17
14
19
13
16
17
4
0
18
11
12
13
16
6
18
11
4
0
18
11
12
13
16
23
15
3
22
15
5
24
1
24
1
24
1
24
1
24
1
24
1
24
1
24
1
10
10
19
13
16
7
16
7
16
7
16
23
13
16
7
16
6
18
11
4
0
18
11
12
6
18
11
4
0
18
11
4
0
18
4
0
18
11
12
6
18
11
12
6
18
12
6
18
11
12
13
16
7
16
6
18
11
12
6
18
11
12
6
18
11
4
0
15
11
2
15
20
13
16
7
16
7
16
7
16
7
16
7
16
6
18
11
12
6
18
11
4
0
18
11
12
7
1
8
9
2
17
12
13
16
7
16
7
16
7
16
7
16
7
16
7
16
7
16
7
16
6
18
11
12
13
16
6
18
11
4
0
18
23
13
16
7
16
7
16
13
16
22
4
0
18
11
12
6
18
11
4
0
18
23
15
14
24
1
19
13
16
7
16
7
16
6
18
11
4
0
18
11
4
0
18
11
4
0
18
11
12
6
18
11
4
0
15
14
11
2
17
4
0
18
11
12
13
16
7
16
7
16
7
16
13
16
7
16
7
16
6
18
11
12
13
16
6
18
11
12
6
18
11
12
6
18
11
12
6
18
11
4
0
18
11
12
6
18
11
4
21
15
14
19
13
16
7
12
13
16
7
16
7
16
6
18
11
4
0
18
11
4
0
18
11
4
0
18
11
4
0
18
11
4
0
18
11
12
6
6
18
11
24
1
24
1
24
1
24
1
24
1
19
13
16
23
13
16
6
18
11
4
0
18
2
17
15
14
19
13
16
7
16
6
18
11
4
0
18
11
12
13
16
6
18
11
12
6
18
11
12
24
1
24
1
24
1
24
1
24
1
24
1
24
1
10
21
15
20
13
16
7
16
7
16
7
16
7
16
7
16
7
16
7
16
6
18
11
12
13
16
7
16
7
16
7
16
6
18
11
12
13
16
6
18
11
4
0
18
11
4
5
24
1
0
18
11
12
9
18
11
4
0
18
11
12
10
19
13
16
9
2
17
7
16
7
16
7
16
6
18
11
4
5
7
16
6
18
11
12
6
18
11
12
13
16
6
18
11
4
0
18
11
4
0
18
11
12
6
18
11
4
0
18
11
4
0
18
11
4
0
18
11
6
18
2
15
14
11
12
6
18
11
2
17
2
0
18
11
4
0
18
11
12
6
18
11
4
0
18
11
12
6
18
11
2
0
18
11
10
19
13
16
6
18
11
12
6
18
11
12
6
18
11
12
7
16
7
16
7
16
7
16
6
18
11
4
0
20
13
16
7
16
7
16
7
16
7
16
6
18
11
4
0
18
11
4
0
18
11
2
17
12
13
16
6
18
11
4
0
18
11
12
7
16
7
16
7
16
7
16
22
20
13
16
6
18
11
12
10
6
18
11
12
13
16
7
16
6
18
11
12
6
18
17
22
20
13
16
7
13
16
7
16
13
16
22
23
15
24
1
8
0
18
11
4
21
15
24
1
8
0
18
11
12
3
17
7
15
10
21
1
24
1
24
1
23
13
16
8
0
18
11
12
6
18
11
4
21
15
24
1
24
1
24
1
24
1
24
1
23
13
16
13
16
7
16
13
16
14
11
12
13
16
7
16
7
16
6
18
11
15
3
19
13
16
7
1
13
16
7
16
13
16
7
16
7
16
7
16
7
16
7
16
7
16
6
18
11
12
6
18
11
12
13
16
6
18
11
4
0
18
23
13
16
7
16
6
18
11
12
13
16
6
18
11
4
0
18
11
4
0
18
11
12
13
16
13
16
6
18
11
4
0
18
11
12
20
13
16
7
16
7
16
7
16
7
16
7
16
6
18
11
12
6
18
11
4
0
18
11
4
0
18
11
4
0
18
11
4
5
7
16
1
8
2
17
4
5
7
16
7
16
0
18
12
6
18
23
13
16
7
16
6
18
11
2
17
22
20
13
16
6
18
11
12
9
13
16
7
16
7
16
13
16
7
12
13
16
6
18
11
2
11
12
6
18
11
4
0
18
11
12
13
16
22
23
15
24
1
24
1
23
7
16
7
16
7
16
23
15
5
24
1
21
15
24
1
24
1
24
1
24
1
24
1
24
1
24
1
24
1
24
1
24
1
24
1
4
0
18
23
13
16
7
16
6
18
11
12
13
16
22
20
13
16
7
16
6
18
11
12
6
18
23
13
16
7
16
2
0
18
11
4
0
18
11
4
5
11
4
0
18
11
10
19
13
16
7
16
7
16
19
13
16
14
9
2
17
12
6
18
11
4
0
18
11
12
13
16
7
16
7
16
19
13
16
7
16
23
7
16
7
15
19
13
16
7
16
7
16
7
16
7
16
6
18
23
15
14
20
13
16
6
3
21
15
10
19
13
16
13
16
12
13
16
6
18
11
4
0
18
11
4
5
11
4
0
18
11
4
23
15
14
11
4
0
18
11
4
0
18
11
4
0
18
11
24
1
24
1
24
1
24
1
24
1
24
1
23
13
16
7
16
22
24
1
24
1
23
7
16
18
11
12
6
18
11
12
7
16
15
10
21
15
24
1
24
1
24
1
8
0
18
11
4
5
11
4
0
18
11
4
0
18
11
12
13
16
7
16
7
16
7
16
7
16
7
16
13
16
7
16
7
16
7
16
6
18
11
12
13
16
7
16
7
16
7
16
1
21
15
14
11
4
0
18
11
12
13
16
7
20
13
16
6
18
11
2
17
4
0
18
11
4
0
18
11
4
0
18
11
12
6
18
11
4
0
18
11
2
0
18
11
4
0
18
11
4
0
18
11
12
6
18
11
12
6
18
11
12
6
18
11
4
0
18
11
12
6
18
11
4
0
18
11
4
0
15
14
13
16
13
16
7
16
7
16
7
16
6
18
11
4
0
18
11
12
6
18
22
20
13
16
7
16
13
16
13
16
6
18
11
12
6
18
11
12
7
1
8
0
18
4
5
11
12
13
16
7
16
6
18
11
12
6
18
11
4
0
18
11
4
0
18
11
12
13
16
6
18
11
4
0
18
11
12
6
18
11
4
0
18
11
12
6
18
11
12
6
18
11
12
6
18
11
12
13
16
7
16
7
21
15
20
13
16
13
16
6
18
11
12
6
18
11
12
6
18
23
13
16
7
14
22
24
1
24
1
24
1
8
0
18
11
6
18
11
12
6
18
22
20
13
16
7
16
6
18
11
12
13
16
7
16
6
18
11
12
6
18
23
13
16
7
16
7
16
7
16
7
16
7
15
3
19
13
16
7
16
7
16
13
16
7
16
23
7
16
22
20
13
16
6
18
11
4
0
18
11
4
0
18
11
4
0
15
10
19
13
16
7
16
7
16
7
16
6
6
18
11
4
0
18
11
12
13
16
7
16
7
21
15
14
23
15
14
4
5
11
2
11
4
5
24
1
24
1
24
1
24
1
23
13
16
7
16
6
18
11
12
13
16
6
18
11
12
6
18
11
10
19
13
16
6
18
11
12
3
17
13
16
0
18
11
4
0
18
11
12
6
18
5
11
12
6
18
11
12
6
18
11
4
0
15
10
19
13
16
7
18
11
12
6
18
11
4
0
18
23
13
16
7
16
7
16
7
16
1
23
15
3
19
13
16
7
16
13
16
7
16
7
16
7
16
6
18
23
13
16
7
16
7
16
7
16
6
18
11
12
6
18
11
4
0
18
23
13
16
22
23
15
14
16
6
18
23
22
20
13
16
7
16
7
16
7
16
7
16
7
16
13
16
6
18
11
4
5
13
16
23
13
16
7
16
6
18
11
12
3
17
14
23
0
18
11
4
0
18
11
12
6
18
11
12
13
16
6
18
23
7
16
13
16
7
16
13
16
6
18
11
4
0
18
23
13
16
7
13
16
22
24
1
24
1
23
7
16
13
16
7
16
6
18
11
12
13
16
7
16
7
16
7
16
7
16
7
16
7
16
6
18
11
12
6
18
11
4
0
18
23
24
1
24
1
24
1
24
1
24
1
24
1
24
1
24
1
24
1
21
6
18
11
12
22
21
15
14
11
12
6
18
5
24
1
24
1
24
1
24
1
24
1
15
14
20
13
16
7
16
13
16
7
16
7
16
6
18
11
4
5
11
12
13
16
7
16
6
18
11
12
13
16
22
20
13
16
7
16
7
16
6
18
11
12
6
18
11
4
5
7
16
6
18
11
12
13
16
22
20
13
16
22
20
13
16
13
16
7
16
7
15
10
10
10
21
15
10
21
15
14
11
2
17
4
0
20
13
16
7
16
13
16
23
15
20
13
16
7
16
7
15
20
13
16
6
18
11
12
7
16
7
16
13
16
23
13
16
7
16
7
16
6
18
23
13
16
22
10
6
18
11
4
0
18
11
12
13
16
7
16
7
16
7
16
6
18
11
2
0
18
11
12
10
6
18
11
4
0
18
11
12
7
15
14
13
16
7
16
7
16
7
16
13
16
8
0
18
23
15
3
17
22
20
13
16
7
16
7
16
0
18
11
12
13
16
15
3
17
12
14
18
11
12
6
18
11
4
0
18
11
12
13
16
7
16
6
18
11
12
16
7
16
7
16
7
16
7
16
6
6
18
11
4
0
18
11
4
0
18
11
6
6
18
4
0
18
11
12
6
18
11
2
19
13
16
7
16
7
16
7
16
6
20
13
16
6
18
11
4
0
18
11
2
17
22
4
0
18
11
12
6
18
11
4
0
18
11
6
6
18
11
12
6
18
11
12
6
18
11
12
6
18
11
10
19
13
16
22
23
13
16
7
16
6
18
11
12
13
16
7
16
22
20
13
16
6
18
11
10
6
18
11
12
7
15
14
20
13
16
7
16
7
15
24
1
23
13
16
7
16
13
16
7
15
13
16
7
16
6
18
11
12
13
16
6
18
11
2
17
12
6
18
11
12
16
7
15
24
1
8
0
18
11
4
0
18
23
15
20
13
16
7
16
13
16
6
18
11
12
9
18
23
13
16
22
20
13
16
6
18
11
4
0
18
11
12
6
18
11
2
17
12
13
16
7
16
7
16
7
16
22
20
13
16
6
18
11
12
6
18
11
10
19
13
16
7
16
10
19
13
16
7
16
6
18
11
4
0
15
20
13
16
7
16
7
16
22
4
0
18
11
12
6
3
19
13
16
7
16
6
6
18
11
12
13
16
6
18
11
12
6
18
11
4
8
0
18
11
12
7
16
22
20
13
16
7
8
0
18
11
12
13
16
7
12
6
18
11
12
13
16
7
16
23
13
16
7
16
7
16
0
18
11
12
13
16
6
18
11
12
6
18
11
4
0
15
24
1
24
1
24
1
24
1
24
1
24
1
24
1
22
20
13
16
6
18
11
12
24
1
23
15
20
13
16
6
18
11
4
0
18
11
6
18
11
12
13
16
2
17
4
0
18
11
12
6
18
4
0
18
11
4
0
18
11
4
0
18
11
4
0
15
14
13
16
7
16
23
13
16
7
16
7
16
7
12
6
18
11
12
6
18
11
4
21
15
3
17
22
20
13
16
6
18
11
12
6
18
11
4
0
18
11
12
7
16
7
16
6
18
11
12
6
18
11
4
0
18
11
4
0
15
23
7
16
7
18
11
6
18
11
12
19
13
16
7
16
7
16
7
16
22
20
13
16
7
16
7
16
6
18
11
4
0
15
14
14
11
12
6
18
11
4
0
18
11
12
13
16
7
16
6
18
11
12
6
18
11
4
5
24
1
24
1
24
1
24
1
24
1
24
1
8
0
18
11
12
7
16
7
16
6
18
11
4
5
24
1
24
1
24
1
23
13
16
7
16
6
18
23
13
16
7
16
7
16
7
16
13
16
7
15
20
13
16
7
16
6
18
11
4
0
18
11
12
13
16
7
16
6
18
11
4
0
18
11
2
17
4
0
18
11
12
6
18
11
4
0
18
23
13
16
7
16
7
16
7
16
7
16
6
18
11
4
21
15
20
13
16
6
18
11
4
0
15
20
13
16
7
16
6
18
11
4
5
11
4
0
18
11
12
13
16
6
18
11
10
23
13
16
7
14
18
11
12
6
18
11
4
5
11
4
0
18
23
13
16
6
18
11
12
6
18
11
12
13
16
15
20
13
16
6
0
18
11
4
0
18
11
12
13
16
7
16
7
16
7
15
5
11
4
0
18
11
4
0
18
11
12
6
18
11
10
6
18
11
4
0
18
11
4
0
18
11
12
6
18
11
2
17
12
6
18
11
12
13
16
22
24
1
24
1
24
1
24
1
24
1
21
15
14
11
12
13
16
7
16
7
16
7
16
6
18
11
4
0
18
11
4
0
15
20
13
16
6
18
11
6
18
11
12
13
16
7
16
7
16
23
22
20
13
16
13
16
7
16
7
16
6
18
11
12
13
16
7
16
6
18
11
10
10
19
13
16
22
24
1
24
1
24
1
24
1
24
1
24
1
23
13
16
7
16
7
16
6
18
11
12
6
18
11
4
0
18
11
12
6
18
11
12
6
21
15
14
23
15
14
18
11
4
0
18
11
12
6
18
11
4
0
18
11
4
0
18
11
17
7
16
6
18
11
12
6
18
11
12
7
16
6
18
11
12
20
13
16
14
15
15
11
12
6
18
23
2
17
22
18
11
4
0
18
11
12
6
18
11
12
13
16
22
20
13
16
7
16
23
15
24
1
24
1
24
1
24
1
8
0
15
20
13
16
22
24
1
24
1
24
1
21
6
18
11
4
5
11
4
5
7
16
6
18
11
12
13
16
7
15
3
19
13
16
7
16
6
18
11
2
17
14
18
11
12
13
16
7
16
7
16
7
16
7
16
7
16
7
16
22
20
13
16
6
18
11
4
0
18
11
4
0
18
11
12
13
16
7
16
7
16
7
16
7
16
6
18
11
10
19
13
16
23
15
24
1
23
13
16
7
16
7
16
6
18
11
12
3
19
13
16
6
18
11
4
0
18
11
12
7
16
7
16
7
16
7
16
13
16
22
23
7
1
24
1
24
1
23
13
16
6
18
11
12
6
18
2
2
17
14
18
11
12
13
16
7
16
6
18
11
4
0
15
14
20
13
16
7
16
6
18
11
12
6
18
11
12
6
18
11
4
5
24
1
24
1
24
1
23
15
14
19
13
16
7
16
6
18
11
2
17
13
16
7
16
22
23
15
20
13
16
0
18
11
12
13
16
7
16
6
18
11
4
20
13
16
7
16
13
16
6
18
11
10
10
21
15
14
13
16
6
18
11
12
3
11
12
6
18
11
12
6
18
11
12
6
18
11
4
23
15
15
3
17
7
16
7
16
7
16
7
16
7
16
6
18
11
12
6
18
11
4
0
18
11
4
0
18
11
4
0
18
11
12
6
18
11
4
0
18
11
4
0
18
11
12
7
16
7
16
7
16
6
18
23
7
16
7
16
13
16
7
16
18
11
12
13
16
6
18
11
4
0
15
16
6
18
11
12
6
18
11
4
0
18
11
12
6
18
11
12
6
18
11
12
6
18
11
12
13
16
7
16
6
18
11
12
6
18
11
4
0
18
11
12
13
16
7
16
6
18
11
12
13
16
23
13
16
7
16
6
18
11
2
2
17
12
6
18
23
15
24
1
8
0
18
11
12
6
0
18
11
16
7
16
7
16
7
16
6
18
11
12
6
18
11
12
9
18
23
24
1
24
1
21
15
7
16
7
16
7
16
6
18
11
4
5
7
16
7
16
7
16
1
24
1
1
24
1
24
1
24
1
24
1
24
1
24
1
24
1
13
16
6
18
11
12
13
16
7
16
6
18
11
2
9
2
9
18
22
11
12
6
18
11
12
6
18
11
4
0
18
11
4
0
15
20
13
16
7
16
13
16
23
15
14
11
12
6
18
11
12
13
16
7
16
7
16
7
16
6
18
11
12
13
16
23
13
16
7
16
7
16
7
16
2
11
10
19
13
16
7
16
16
22
20
13
16
7
16
7
16
7
16
7
16
5
19
13
16
7
16
7
16
7
16
6
18
11
12
6
18
12
13
16
23
13
16
7
1
24
1
24
1
23
13
16
6
18
11
4
5
11
12
13
16
14
13
16
6
18
11
17
22
20
13
16
7
16
7
16
7
16
7
16
6
18
11
4
0
18
11
4
0
18
11
4
0
18
11
6
18
11
4
0
18
7
16
6
18
11
4
0
20
13
16
7
16
13
16
7
16
7
16
7
16
6
18
11
12
7
16
7
16
23
13
16
7
16
7
16
7
16
7
16
7
16
7
16
7
16
6
18
11
12
6
18
11
12
6
18
11
6
18
11
4
0
15
24
1
24
1
8
21
15
0
18
11
12
6
18
23
15
20
13
16
13
16
13
16
6
18
11
4
0
18
11
4
0
18
11
4
0
18
11
10
21
15
5
11
12
6
0
18
11
12
13
16
7
16
7
16
7
16
22
20
13
16
6
18
11
4
0
18
11
6
18
11
4
0
18
11
4
0
15
14
1
24
1
24
1
23
15
9
2
17
12
13
16
7
16
13
16
7
16
5
11
4
0
18
11
4
0
18
11
4
5
24
1
23
13
16
7
16
22
24
1
24
1
8
9
18
11
12
6
18
11
10
19
13
16
7
16
13
16
7
16
6
18
11
4
5
11
12
13
16
7
16
23
13
16
7
16
13
16
6
18
11
4
0
15
20
13
16
7
16
6
18
11
6
18
11
12
6
18
11
12
6
18
11
4
0
18
23
13
16
7
16
7
16
7
16
6
18
23
13
16
7
16
7
16
23
13
16
7
16
7
16
7
13
16
6
0
18
11
12
6
18
11
4
0
18
11
12
13
16
7
16
7
16
6
18
11
4
0
15
20
13
16
7
15
10
6
18
4
0
15
20
13
16
22
20
13
16
7
16
7
16
6
18
11
12
6
18
11
12
6
18
11
4
5
11
4
0
18
11
12
6
18
11
12
24
1
24
1
24
1
23
13
16
7
16
7
15
14
9
2
9
2
7
16
7
16
7
16
23
15
14
20
13
16
7
16
6
18
11
4
0
18
2
17
12
6
18
11
4
0
15
20
13
16
7
16
19
13
16
6
18
11
12
6
18
11
12
6
18
11
4
5
24
1
24
1
24
1
23
24
1
24
1
8
0
18
11
4
0
18
11
12
6
18
11
2
9
13
16
7
16
7
16
7
16
7
16
6
18
11
12
7
16
7
16
7
16
7
16
7
16
7
16
13
16
7
16
7
16
6
3
19
13
16
16
7
16
7
16
7
16
7
16
7
16
6
18
11
12
6
18
11
12
6
18
11
12
7
16
7
16
7
16
22
19
13
16
7
16
7
16
7
16
7
18
11
12
13
16
22
19
13
16
7
8
0
18
11
12
13
16
7
16
7
16
13
16
7
16
6
18
11
12
9
13
16
6
18
11
12
6
18
11
4
0
15
5
11
4
0
18
11
12
6
18
11
12
13
16
7
16
6
18
11
12
13
16
6
18
11
12
13
16
7
16
7
16
7
16
7
16
7
16
7
16
7
16
12
6
18
11
12
6
18
11
12
9
18
11
4
0
18
11
12
13
16
7
16
7
16
7
16
6
18
11
12
6
18
11
4
0
18
11
4
0
18
11
12
9
13
16
7
16
7
16
22
20
13
16
7
16
13
16
7
16
7
16
7
16
7
16
7
16
7
16
7
16
7
15
10
16
7
16
7
16
7
16
7
12
6
23
13
16
6
18
11
12
6
18
23
13
16
6
18
11
4
5
11
12
13
16
7
16
6
18
11
10
19
13
16
7
16
6
18
11
4
0
15
10
6
18
11
2
17
4
0
18
11
12
6
18
11
12
6
18
11
12
6
18
11
12
6
18
11
12
13
16
6
18
23
13
16
7
16
7
16
15
14
6
18
11
12
6
18
11
12
6
18
11
12
9
18
11
12
6
18
11
2
17
12
6
18
11
4
0
15
14
18
11
2
17
4
0
18
11
4
0
18
11
12
13
16
22
20
13
16
6
18
11
12
13
16
6
18
11
6
18
11
4
0
18
11
4
0
18
11
4
0
18
11
4
0
15
20
13
16
6
18
11
12
13
16
6
18
11
4
0
18
11
12
6
18
11
12
13
16
7
16
7
1
24
1
19
13
16
6
18
23
13
16
22
8
0
18
11
4
0
18
11
4
0
18
11
12
6
18
23
15
10
19
13
16
14
11
12
6
18
11
12
13
16
7
16
7
16
6
18
11
4
0
18
11
12
13
16
19
13
16
7
12
9
2
17
12
6
18
11
4
0
18
11
12
6
18
11
4
0
18
11
4
5
24
1
23
7
16
7
16
7
16
7
16
7
16
6
18
11
12
13
16
6
18
11
4
5
19
13
16
7
15
9
2
17
7
16
7
16
7
16
7
16
7
16
7
16
6
18
11
12
6
18
11
4
0
18
11
4
6
18
11
4
0
18
23
13
16
6
6
18
11
12
6
18
11
4
0
15
20
13
16
7
16
6
18
11
10
21
15
20
13
16
22
20
13
16
7
16
7
16
6
18
11
4
0
15
5
24
1
24
1
7
16
7
16
7
16
7
16
7
16
6
18
11
12
13
16
7
16
7
16
13
16
7
16
6
18
11
4
0
15
20
13
16
7
16
7
16
22
20
13
16
7
16
7
16
7
15
11
12
13
16
7
16
7
16
6
18
11
12
6
18
11
10
6
18
11
12
6
18
23
15
20
13
16
22
20
13
16
8
10
19
13
16
7
16
7
16
7
16
7
13
16
6
18
11
12
6
18
11
10
19
13
16
6
18
11
4
0
15
10
19
13
16
7
16
7
16
23
15
3
21
15
14
13
16
7
16
6
18
11
12
13
16
13
16
13
16
7
16
7
16
7
16
7
16
7
16
6
18
11
12
6
18
11
4
0
18
11
2
17
12
6
18
11
12
6
18
11
4
0
18
11
12
13
16
7
16
22
24
1
24
1
22
23
13
16
22
11
4
22
23
15
5
24
1
24
1
23
13
16
7
16
13
16
7
16
6
18
11
12
6
18
11
4
5
7
16
7
16
7
16
7
1
24
1
19
13
16
7
16
7
16
7
16
7
16
13
16
6
18
23
15
14
13
16
13
16
7
16
7
16
13
16
6
18
11
4
0
18
11
12
13
16
13
16
7
16
7
16
7
15
3
19
13
16
6
18
11
12
6
18
11
12
13
16
21
15
10
19
13
16
7
16
13
16
7
16
7
16
7
16
7
13
16
7
16
7
16
13
16
22
20
13
16
14
22
14
18
11
12
6
18
11
4
0
18
11
12
6
18
23
15
20
13
16
7
16
7
16
7
16
7
8
0
18
23
2
17
4
0
15
20
13
16
7
16
7
16
6
18
11
12
6
18
23
13
16
7
16
7
16
6
18
11
12
9
8
0
15
20
13
16
7
15
14
24
1
24
1
23
13
16
7
16
6
6
18
11
12
13
16
7
12
6
18
11
12
13
16
7
16
22
24
1
6
18
23
15
3
17
22
20
13
16
7
16
7
16
7
16
22
19
13
16
6
18
11
2
17
4
5
24
1
24
1
23
13
16
6
18
11
12
9
13
16
7
16
6
18
11
12
6
18
11
4
0
18
11
4
0
18
11
4
0
18
11
12
13
16
6
18
11
4
0
18
11
4
0
18
11
12
16
22
20
13
16
6
18
11
12
6
18
11
6
18
11
4
0
18
11
12
6
18
11
4
0
18
11
4
5
11
4
0
18
11
4
0
18
11
12
6
18
11
12
13
16
7
16
6
18
11
12
13
16
7
16
7
16
7
16
6
18
11
2
17
12
13
16
6
18
11
4
0
18
11
12
13
16
7
1
22
20
13
16
7
16
7
16
6
18
20
13
16
6
18
11
4
10
10
19
13
16
7
16
7
16
7
16
7
16
23
13
16
7
16
7
16
7
16
6
18
11
4
6
18
11
12
6
18
23
15
10
6
18
11
4
0
18
11
12
13
16
7
16
6
18
11
12
6
18
11
4
0
18
11
12
9
18
11
10
19
13
16
7
16
7
16
7
16
6
18
11
4
0
18
11
4
5
24
1
17
7
16
0
18
11
12
6
18
11
4
5
8
0
18
11
12
6
18
11
6
18
11
12
6
18
11
12
6
0
18
11
4
0
18
11
12
16
7
16
7
16
13
16
7
16
7
16
7
16
7
16
7
16
7
16
7
16
6
18
11
12
6
18
11
4
0
18
23
13
16
7
16
7
16
22
24
1
8
9
13
16
7
15
0
18
11
4
0
18
23
13
16
7
16
7
16
6
18
11
4
23
13
16
7
16
7
16
7
20
13
16
7
16
7
16
17
4
0
18
12
6
18
23
13
16
6
18
23
13
16
7
16
7
16
7
16
7
16
7
16
7
16
7
16
14
11
4
0
18
11
15
9
2
17
4
0
18
11
4
0
18
11
4
0
18
11
12
6
18
11
12
13
16
13
16
7
16
7
16
7
16
7
16
6
18
11
12
13
16
23
7
16
23
13
16
7
16
7
16
13
16
7
16
13
16
7
8
0
18
11
4
0
18
11
12
24
1
24
1
24
1
24
1
24
1
24
1
24
1
24
1
23
13
16
7
16
23
13
16
19
13
16
7
16
7
16
7
18
11
12
13
16
6
18
11
12
13
16
7
16
7
16
7
16
7
16
7
16
7
16
7
16
7
16
22
19
13
16
6
18
11
4
0
18
11
12
6
18
11
4
0
18
11
12
13
16
7
16
7
16
13
16
13
16
7
16
7
16
14
9
13
16
7
16
7
16
6
18
11
4
9
2
18
11
12
7
16
7
16
6
18
11
12
6
18
11
10
19
13
16
7
16
6
18
11
12
6
18
23
15
0
18
11
4
5
11
12
6
18
11
12
13
16
7
16
7
16
13
16
1
24
1
8
0
18
11
12
13
16
7
20
13
16
7
15
20
13
16
7
16
7
16
22
20
13
16
7
16
7
16
7
16
6
18
11
12
7
16
23
13
16
7
16
13
16
6
18
11
12
13
16
7
16
7
16
6
17
18
11
4
0
18
11
12
13
16
22
15
20
13
16
7
16
7
16
7
16
6
18
11
4
0
18
11
10
6
18
11
4
0
18
11
4
5
11
4
0
18
11
4
0
18
11
12
6
18
11
12
6
18
11
4
5
24
1
24
1
23
16
7
16
0
18
11
4
0
18
11
4
0
18
11
4
0
15
14
13
16
13
16
7
16
14
13
16
7
16
7
16
7
16
7
16
7
16
7
16
13
16
7
16
7
16
7
16
7
16
7
16
13
16
6
18
11
2
17
12
13
16
13
16
6
18
11
4
0
18
11
12
6
18
11
12
13
16
7
16
7
16
7
16
7
16
6
18
23
13
19
13
16
13
16
13
16
6
18
11
3
11
2
17
18
11
10
19
13
16
7
16
7
15
5
24
1
23
15
10
21
15
23
13
16
7
16
7
15
14
18
11
4
0
15
11
12
7
15
14
18
11
12
13
16
7
8
22
23
7
16
7
16
13
16
7
16
6
18
11
12
6
18
11
12
6
18
11
4
5
11
12
13
16
13
16
13
16
7
16
7
16
7
8
0
18
23
13
16
22
20
13
16
7
16
7
16
6
18
11
10
6
18
11
12
6
18
11
12
13
16
22
0
18
11
12
6
18
11
4
0
18
11
12
7
18
11
4
0
18
11
12
6
18
11
12
8
1
23
13
16
7
16
7
16
7
16
7
16
8
0
18
11
4
0
18
11
12
6
18
11
12
6
18
11
4
0
18
11
12
6
18
11
12
13
16
22
20
13
16
13
16
13
16
7
16
7
8
0
18
11
12
6
18
11
4
0
18
11
12
6
18
11
4
0
18
11
4
0
18
11
4
0
18
11
4
5
24
1
23
15
3
17
10
19
13
16
7
16
7
16
7
16
7
16
7
16
7
16
22
20
13
16
6
18
11
4
21
15
5
24
1
24
1
24
1
24
1
24
1
24
1
23
13
16
13
16
13
16
6
18
11
12
13
16
7
16
7
15
14
18
11
12
6
18
11
12
6
18
11
4
0
18
11
4
0
18
11
12
7
16
7
15
20
13
16
13
16
15
5
24
1
24
1
8
0
15
11
12
6
18
11
12
13
16
7
15
2
18
11
4
0
18
11
4
0
18
12
6
18
11
12
13
16
7
16
7
16
6
18
11
4
5
11
4
0
18
11
4
0
15
20
13
16
7
16
6
6
18
11
12
13
16
7
16
6
18
11
12
6
18
2
17
13
16
7
16
7
16
7
16
6
18
11
12
6
18
11
12
13
16
6
18
11
12
6
18
11
12
6
0
18
11
4
0
18
18
11
10
6
18
11
12
13
16
7
16
7
16
7
16
6
18
11
12
13
16
7
16
22
4
0
18
11
12
6
18
11
12
13
16
22
23
15
5
11
4
0
15
5
24
1
24
1
24
1
21
15
20
13
16
13
16
7
16
7
16
6
18
11
4
0
18
11
12
6
18
11
4
0
18
11
4
0
18
11
4
0
18
11
12
13
16
6
18
23
15
14
20
13
16
1
23
13
16
6
18
11
6
18
11
12
6
18
11
12
13
16
7
16
7
16
7
16
7
16
13
16
6
18
23
13
16
7
16
7
16
13
16
7
16
7
16
7
16
7
16
7
16
7
16
7
16
7
16
7
16
7
16
22
20
13
16
22
19
13
16
7
16
7
16
22
20
13
16
7
16
7
16
7
14
20
13
16
7
16
6
18
11
12
9
9
2
3
13
16
6
18
11
4
0
18
11
4
5
24
1
24
1
24
1
24
1
24
1
24
1
24
1
24
1
24
1
23
24
1
23
7
16
7
16
6
18
11
4
5
11
4
0
18
11
4
5
7
16
7
16
6
18
11
12
6
18
11
12
6
18
11
12
13
16
7
16
7
16
6
18
11
4
0
18
11
4
5
24
1
24
1
24
1
24
1
24
1
24
1
24
1
24
1
22
20
13
16
7
16
7
20
13
16
7
16
7
16
22
20
13
16
7
16
7
16
7
16
7
16
7
16
7
20
13
16
7
16
6
18
11
4
0
18
11
12
6
18
11
12
13
16
6
18
11
4
0
18
11
4
0
18
11
12
6
18
11
12
6
18
11
12
6
18
11
12
7
16
6
18
11
12
6
18
11
4
0
18
11
4
0
18
11
12
6
18
11
4
0
18
11
4
0
15
10
19
13
16
6
18
11
10
10
6
18
11
4
0
18
11
4
0
18
11
4
0
18
11
12
6
18
11
4
0
18
11
4
21
15
5
7
16
7
16
7
16
6
18
11
4
0
18
23
13
16
6
18
11
10
10
21
15
15
5
11
12
8
9
21
15
3
17
22
19
13
16
23
13
16
13
16
6
18
11
4
0
18
11
12
13
16
7
16
6
18
23
15
14
18
11
4
0
18
11
2
17
12
13
16
7
15
5
24
1
23
15
5
11
4
0
18
11
10
19
13
16
6
18
11
12
7
16
7
16
6
18
11
12
6
18
11
4
0
18
11
4
0
15
14
18
11
12
13
16
23
15
10
10
19
13
16
7
16
6
18
11
12
0
18
11
4
0
18
11
4
0
18
11
4
0
18
11
10
19
13
16
6
18
23
15
14
18
11
4
0
18
11
4
0
15
14
13
16
6
3
16
7
16
6
18
11
4
8
9
2
17
15
10
23
13
16
6
18
11
12
6
18
11
12
13
16
6
18
11
12
13
16
6
18
11
12
6
18
11
4
0
15
14
20
13
16
7
16
7
16
7
16
7
16
7
16
7
16
6
18
12
13
16
7
16
7
16
7
16
7
16
13
16
6
18
23
15
5
24
1
24
1
24
1
24
1
23
7
16
7
15
20
13
16
6
18
11
4
0
18
11
4
21
15
3
16
7
16
7
16
13
16
7
16
7
16
7
16
7
16
7
16
6
18
11
4
0
15
14
9
18
11
12
6
18
23
13
16
6
18
23
15
20
13
16
7
8
0
18
11
4
21
15
5
24
1
24
1
23
7
16
6
18
11
12
13
16
7
16
6
18
23
13
16
6
18
11
4
0
18
11
12
13
16
8
0
15
14
13
16
7
12
9
18
11
12
13
16
7
16
7
16
7
16
13
16
7
16
7
16
7
16
7
18
11
12
6
18
11
3
22
20
13
16
6
18
11
12
6
18
11
6
18
11
2
0
15
23
9
13
16
7
16
6
18
11
4
5
24
1
23
13
16
7
16
7
16
6
18
11
12
6
18
11
4
0
15
5
24
1
24
1
23
13
16
6
18
11
12
6
18
11
12
6
0
18
11
12
6
18
11
12
6
18
11
12
6
18
11
12
13
16
7
16
7
16
6
18
11
12
6
18
11
12
13
16
6
18
11
4
5
24
1
24
1
24
1
24
1
24
1
24
1
24
1
24
1
24
1
24
1
24
1
24
1
24
1
24
1
24
1
24
1
24
1
0
18
23
15
5
11
12
6
18
11
12
13
16
6
18
11
12
6
18
11
12
6
18
11
17
14
18
11
12
6
18
11
4
0
18
11
12
6
18
11
12
17
12
13
16
7
16
6
18
11
4
0
18
11
12
13
16
7
16
6
18
11
12
13
16
7
16
6
18
11
12
6
18
23
13
16
7
20
13
16
6
18
2
17
24
1
24
1
23
13
16
7
16
7
16
6
18
11
12
13
16
7
16
7
16
7
16
7
16
7
16
7
12
13
16
6
0
15
20
13
16
7
16
7
16
7
16
7
16
7
16
7
15
9
2
18
11
4
0
18
11
2
17
12
13
16
0
18
11
4
0
18
11
4
0
18
11
12
13
16
6
18
11
12
13
16
7
16
7
16
6
18
11
12
6
18
11
4
0
18
11
12
6
18
11
12
13
16
6
18
11
12
13
16
7
16
13
16
7
16
6
18
11
12
13
16
13
16
6
18
11
10
10
21
15
20
13
16
6
18
11
12
6
18
11
14
11
12
6
18
11
4
0
18
11
10
14
6
18
4
0
15
3
17
4
0
18
22
24
1
23
13
16
22
20
13
16
6
18
11
4
0
18
11
4
0
18
11
12
6
18
11
6
18
11
4
0
18
11
6
18
11
4
10
19
13
16
6
18
11
4
0
18
11
4
5
11
10
19
13
16
7
16
7
16
13
16
7
16
7
16
7
16
13
16
6
18
11
2
17
7
16
6
18
11
12
13
16
7
16
22
20
13
16
7
16
1
23
13
16
7
16
6
18
11
4
0
18
11
4
0
18
11
4
0
18
11
4
0
18
11
4
0
18
11
4
0
15
3
17
13
16
6
18
11
12
6
18
23
13
16
13
16
23
13
16
7
16
22
11
4
0
20
13
16
7
16
7
16
7
16
13
16
7
16
6
18
11
4
0
1
24
1
23
15
7
16
22
20
13
16
6
18
11
12
3
17
12
6
18
11
4
0
18
11
12
6
18
11
12
6
18
11
4
0
18
11
4
5
11
12
13
16
6
18
11
6
18
11
12
6
18
11
12
13
16
7
16
7
16
7
16
7
16
7
16
6
18
11
12
13
16
6
18
11
4
0
15
14
13
16
7
16
6
18
11
12
6
18
11
21
15
14
13
16
7
16
6
18
0
18
11
12
1
23
7
16
23
13
16
6
18
11
12
7
16
7
16
7
11
12
6
18
11
12
6
18
11
4
0
15
1
24
1
24
1
8
0
15
14
3
19
13
16
13
16
7
16
6
18
23
15
10
6
18
11
19
13
16
7
16
7
16
7
16
7
16
7
16
7
16
6
18
11
4
0
15
14
19
13
16
7
16
0
18
11
4
0
18
11
4
0
18
11
4
0
18
11
12
13
16
6
18
11
4
0
18
11
4
0
15
14
9
18
11
12
13
16
6
18
11
4
0
18
11
12
16
7
16
6
18
11
4
0
18
11
12
6
18
11
12
6
18
11
12
6
18
11
12
13
16
6
18
11
12
6
18
11
12
13
16
6
18
11
12
6
18
11
12
6
18
11
12
12
13
16
20
13
16
22
19
13
16
6
18
11
4
0
18
11
12
13
16
7
16
7
16
7
16
7
8
9
2
17
4
5
11
12
16
13
16
6
18
11
12
6
18
23
15
20
13
16
6
18
11
6
18
11
4
0
18
11
4
0
18
11
10
15
3
17
7
16
6
18
23
13
16
6
18
11
2
17
12
13
16
7
16
7
16
7
16
7
16
22
20
13
16
13
16
7
16
7
16
7
16
22
24
1
24
1
22
20
13
16
18
11
22
10
6
6
18
11
17
7
16
6
18
11
4
6
18
11
4
0
18
11
4
0
15
20
13
16
7
16
6
18
11
12
13
16
7
16
22
19
13
16
7
16
22
20
13
16
15
14
13
16
7
16
13
16
7
16
6
18
11
12
14
13
16
6
18
11
4
0
18
11
12
13
16
21
15
14
23
8
0
18
11
12
13
16
7
16
13
16
23
8
0
18
23
15
7
16
7
16
13
16
6
18
11
12
13
16
7
16
0
18
11
2
17
12
13
16
7
16
6
18
11
12
6
18
11
4
0
18
11
4
0
18
11
4
0
18
11
4
0
18
11
10
21
15
3
17
4
0
15
5
24
1
8
0
15
20
13
16
7
16
7
16
7
11
4
0
18
11
4
0
18
11
4
0
18
11
4
0
18
11
4
0
15
3
17
13
16
6
18
11
12
6
18
11
4
0
15
3
19
13
16
23
13
16
7
16
7
16
7
20
13
16
7
16
7
16
7
16
7
16
13
16
7
16
6
18
11
4
0
18
11
4
0
18
11
4
0
18
11
12
7
16
8
9
23
13
16
23
7
16
7
16
7
16
7
16
7
16
7
16
22
24
1
24
1
24
1
24
1
24
1
24
1
24
1
19
13
16
7
16
7
16
7
16
6
18
23
13
16
7
16
6
18
11
4
0
18
11
12
6
18
11
4
0
15
10
19
13
16
22
20
13
16
7
16
23
15
14
24
1
24
1
24
1
24
1
24
1
24
1
23
0
18
11
4
5
24
1
24
1
23
13
16
7
16
6
18
11
12
6
6
18
11
12
19
13
16
7
16
6
18
11
6
18
11
12
13
16
14
13
16
6
18
11
4
0
18
11
12
13
16
7
16
7
16
7
16
7
16
7
16
7
16
7
16
7
16
6
18
11
12
6
18
4
0
18
11
4
0
18
11
4
0
18
11
4
0
18
23
13
16
7
16
1
24
1
22
20
13
16
7
16
7
16
7
16
7
16
7
16
6
18
23
13
16
7
16
23
0
18
11
4
0
18
11
4
23
13
16
7
16
1
24
1
24
1
24
1
24
1
24
1
24
1
24
1
19
13
16
7
16
7
16
7
16
22
0
18
11
4
0
18
11
4
0
18
11
12
13
16
7
16
7
15
14
9
2
18
11
12
6
18
11
2
17
13
16
7
16
7
16
22
4
0
18
11
4
0
18
22
23
13
16
7
16
7
16
7
16
6
18
11
6
18
11
4
0
18
11
12
13
16
6
18
11
12
13
16
7
16
7
15
20
13
16
6
18
11
16
7
16
7
16
7
16
13
16
14
6
18
20
13
16
7
16
7
16
7
16
6
18
11
4
0
18
11
12
6
18
11
12
6
18
11
12
6
18
11
4
0
18
11
12
6
18
11
4
0
15
20
13
16
7
16
7
15
3
19
13
16
6
18
11
12
13
16
7
16
7
16
7
16
7
16
7
16
7
16
7
16
7
16
6
18
11
12
7
16
7
16
6
18
11
12
6
18
11
10
19
13
16
18
11
4
0
18
23
15
14
23
13
16
7
16
13
16
7
16
7
16
7
16
7
16
23
13
16
7
16
2
17
12
6
18
11
12
13
16
7
16
7
16
6
18
11
12
6
18
11
4
0
18
11
4
0
18
11
4
0
18
11
4
0
15
14
13
16
6
18
11
12
6
18
11
6
6
18
11
12
6
18
11
12
6
18
11
12
6
18
11
12
6
18
11
2
7
15
5
7
16
6
18
11
0
18
11
12
6
18
11
4
0
15
3
19
13
16
6
18
11
12
10
10
19
13
16
7
16
13
16
7
12
13
16
7
16
7
16
13
16
7
16
7
16
7
16
22
20
13
16
6
18
23
7
16
7
16
22
20
13
16
6
18
11
4
0
18
11
0
18
11
4
5
24
1
24
1
24
1
24
1
23
3
17
14
13
16
0
18
11
12
6
18
11
12
16
7
16
6
18
23
13
16
7
16
7
16
6
18
11
12
6
18
11
12
13
16
13
16
7
16
7
16
6
18
11
16
9
2
9
9
19
13
16
6
18
11
4
0
18
11
12
6
18
11
10
19
13
16
7
16
7
16
6
18
11
12
6
0
18
11
12
13
16
22
23
24
1
24
1
24
1
8
0
18
11
4
0
18
11
12
0
15
20
13
16
22
11
12
6
18
11
4
0
18
11
4
5
24
1
23
13
16
23
7
15
10
10
21
15
3
19
13
16
6
18
11
4
0
18
11
12
6
18
11
12
6
18
11
12
13
16
7
16
7
16
22
23
13
16
13
16
7
16
7
16
7
16
22
20
13
16
7
16
6
18
11
4
0
20
13
16
23
13
16
6
18
11
10
19
13
16
7
16
7
10
19
13
16
7
16
13
16
23
16
6
18
23
13
16
7
16
23
7
16
13
16
6
18
11
12
6
18
11
4
0
18
11
12
6
18
11
12
13
16
7
16
23
13
16
7
16
7
16
7
16
7
16
7
16
7
16
7
16
7
16
6
24
1
24
1
24
1
24
1
24
1
4
0
18
11
4
0
18
11
12
6
18
11
4
0
18
11
4
0
18
11
4
0
15
14
9
2
17
12
13
16
7
15
20
13
16
7
15
1
23
24
1
24
1
24
1
23
13
16
7
16
7
20
13
16
13
16
7
16
13
16
7
16
7
16
7
16
12
6
18
11
4
0
18
11
4
0
18
23
13
16
7
16
7
16
7
15
24
1
21
15
24
1
8
0
15
5
24
1
24
1
24
1
24
1
23
13
16
7
16
7
16
7
16
23
15
23
15
3
19
13
16
7
16
7
16
13
16
13
16
22
20
13
16
6
18
11
12
13
16
13
16
23
15
14
18
11
12
13
16
7
13
16
13
16
6
18
11
12
6
18
11
12
6
18
11
4
5
24
1
23
24
1
19
13
16
7
16
6
18
11
2
18
11
12
6
18
11
4
5
7
16
7
16
7
15
14
13
16
0
18
11
4
5
11
12
6
18
11
12
13
16
7
16
7
16
7
16
7
16
7
2
17
3
21
15
14
18
11
6
18
23
13
16
7
16
7
16
7
16
6
18
11
4
0
18
11
4
0
11
12
13
16
7
16
23
13
16
10
10
21
15
20
13
16
6
18
11
4
0
15
20
13
16
6
18
11
12
6
18
11
12
16
7
16
6
18
11
12
9
23
13
16
7
12
6
18
23
15
14
18
12
6
18
11
12
6
18
11
12
6
18
11
2
17
12
6
18
11
12
13
16
7
16
7
16
7
16
7
16
7
16
23
13
16
7
16
7
16
7
22
20
13
16
13
16
6
18
11
4
0
18
11
12
6
18
11
12
9
18
11
12
6
18
11
12
6
18
11
4
0
18
11
4
6
18
11
12
13
16
13
16
7
16
7
16
7
16
7
15
14
20
13
16
7
16
7
16
7
16
13
16
7
16
7
16
7
16
6
18
11
12
6
18
23
7
16
22
19
13
16
7
16
7
16
6
18
11
4
0
18
11
12
13
16
22
8
0
18
11
4
0
18
11
12
13
16
7
16
7
15
5
24
1
23
13
16
7
16
22
19
13
16
7
16
7
16
13
16
7
16
7
16
6
18
11
4
0
18
11
4
0
18
11
10
19
13
16
7
16
7
16
6
18
11
4
0
18
11
4
0
18
11
4
0
18
11
12
6
18
11
4
5
16
7
16
7
16
7
16
4
0
18
22
20
13
16
6
18
23
13
16
22
20
13
16
22
20
13
16
7
16
7
16
6
18
11
12
7
16
7
16
7
16
7
16
6
18
11
12
13
16
7
16
7
16
7
16
6
18
11
4
5
24
1
24
1
24
1
24
1
24
1
23
13
16
7
16
6
18
11
4
0
15
3
19
13
16
7
16
7
16
7
16
23
15
11
12
6
18
11
4
0
18
2
17
12
13
16
7
16
23
15
11
12
13
16
6
18
11
4
0
18
11
4
21
15
20
13
16
7
16
6
18
11
12
13
16
7
16
6
18
11
2
17
15
14
20
13
16
15
5
24
1
4
0
18
11
12
13
16
6
18
11
12
13
16
7
16
7
16
6
18
11
10
19
13
16
22
24
1
23
22
20
13
16
7
16
6
18
11
4
0
15
3
17
4
0
15
14
11
4
0
15
20
13
16
13
16
7
16
7
16
7
11
12
6
18
11
12
13
16
7
16
7
20
13
19
13
16
7
16
7
16
7
16
7
16
6
18
11
4
0
18
11
10
19
13
16
7
16
7
16
7
16
7
16
7
16
6
18
11
10
19
13
16
7
16
6
0
18
11
12
6
18
11
4
0
15
10
19
13
16
6
18
11
4
0
15
10
19
13
16
7
16
6
18
11
12
6
18
11
12
7
16
22
20
13
16
7
16
6
18
11
12
6
18
11
12
20
13
16
7
16
6
18
11
12
13
16
7
16
6
18
11
4
0
18
11
4
0
18
11
4
6
18
11
12
13
16
13
16
7
16
2
0
18
11
4
0
18
11
4
0
18
11
4
23
15
3
21
15
3
19
13
16
7
16
13
16
7
16
13
16
13
16
13
16
23
13
16
7
16
13
16
6
18
4
0
18
11
12
6
18
11
12
6
18
11
12
13
16
23
13
16
7
16
7
16
7
16
24
1
24
1
24
1
24
1
24
1
24
1
24
1
23
24
1
24
1
24
1
24
1
23
9
2
17
14
2
17
4
5
24
1
19
13
16
7
16
7
20
13
16
7
16
7
16
7
16
23
13
16
6
18
11
4
0
18
11
12
6
18
12
6
18
11
12
6
18
11
12
20
13
16
6
18
23
12
13
16
7
16
22
9
2
17
12
6
18
11
4
5
24
1
24
1
24
1
24
1
24
1
24
1
24
1
24
1
19
13
16
7
16
7
16
6
18
11
4
5
11
12
6
18
11
4
0
15
20
13
16
6
18
11
12
6
18
11
0
3
19
13
16
7
16
7
16
13
16
6
18
11
4
0
18
11
12
13
16
7
16
7
16
7
16
7
16
7
16
6
6
18
11
12
6
18
11
12
6
18
23
15
14
22
19
13
16
7
16
7
16
7
16
7
16
13
16
7
16
6
18
11
12
6
18
11
2
17
7
16
6
18
11
12
6
18
23
13
16
13
16
22
21
15
20
13
16
7
16
7
16
22
19
13
16
23
24
1
24
1
0
18
11
12
13
16
10
10
10
19
13
16
7
16
7
16
18
11
4
0
18
11
12
6
18
11
12
7
16
7
16
7
16
7
16
23
13
16
13
16
7
16
7
16
7
16
7
16
22
19
13
16
7
16
6
18
11
12
6
18
23
13
19
13
16
12
13
16
7
16
6
18
11
12
7
16
22
20
13
16
7
16
23
15
14
9
13
16
6
18
11
4
0
18
11
4
0
18
11
10
19
13
16
7
16
6
18
11
4
0
15
24
1
24
1
24
1
24
1
24
1
24
1
24
1
24
1
23
13
16
7
16
7
16
6
18
23
13
16
6
18
11
4
0
18
11
4
0
18
11
4
0
18
11
4
0
18
11
10
3
19
13
16
7
16
7
16
6
18
11
12
13
16
7
15
3
19
13
16
7
16
7
16
7
16
7
16
6
18
17
12
7
16
7
16
6
18
11
4
0
18
11
12
6
18
11
4
0
18
11
12
6
18
23
13
16
7
12
13
16
6
18
11
12
6
18
11
12
6
18
11
6
18
11
4
0
15
3
21
15
3
21
15
20
13
16
7
16
7
16
1
23
13
16
7
16
7
16
7
16
7
16
7
16
7
16
15
3
17
14
18
11
10
10
21
15
5
24
1
24
1
24
1
24
1
24
1
24
1
21
15
5
7
16
7
16
7
16
22
11
4
21
15
10
19
13
16
7
16
6
18
11
4
0
18
11
12
6
18
11
12
13
16
7
16
7
16
7
16
7
16
22
20
13
16
13
16
7
16
7
16
6
18
11
4
0
18
11
12
13
16
6
18
11
12
13
16
6
18
11
17
14
18
23
15
0
18
20
13
16
6
18
16
7
16
13
16
7
16
7
16
7
16
7
16
6
18
11
12
6
18
11
12
13
16
14
23
13
16
6
18
2
17
12
6
18
11
12
6
18
11
16
7
16
7
16
13
16
7
16
6
18
11
12
6
18
4
23
13
16
7
16
6
18
11
4
0
18
23
13
16
6
18
11
4
23
24
1
24
1
24
1
24
1
24
1
24
1
8
24
1
24
1
24
1
24
1
24
1
24
1
24
1
24
1
24
1
24
1
24
1
23
7
16
7
16
7
16
7
16
7
20
13
16
7
16
7
16
6
0
18
23
13
16
6
18
11
12
3
22
20
13
16
6
18
11
12
13
16
7
16
7
16
18
11
12
6
18
11
12
13
16
7
16
9
2
17
12
6
18
11
12
13
16
7
16
7
16
7
16
7
16
6
18
23
22
20
13
16
7
16
6
18
11
4
0
18
11
4
23
16
7
16
6
18
11
12
13
16
13
16
6
18
11
4
5
7
16
13
16
23
13
16
7
16
7
16
7
16
6
18
11
12
13
16
6
18
23
24
1
23
7
18
11
4
21
15
20
13
16
7
16
7
16
7
16
6
18
11
4
0
18
5
11
12
14
9
2
20
13
16
6
18
11
4
0
18
11
12
6
18
23
7
16
7
16
7
16
7
16
7
16
18
11
4
0
15
0
18
11
12
13
16
7
16
6
18
12
0
18
5
24
1
23
7
16
6
0
18
11
4
0
18
11
12
6
18
11
12
13
16
7
16
1
24
1
23
7
16
7
16
7
16
7
16
6
18
11
4
0
18
11
12
6
18
11
4
0
15
14
13
16
6
18
11
12
13
16
22
23
22
20
13
16
6
18
11
12
6
12
6
18
11
4
0
3
19
13
16
17
12
6
18
11
12
6
18
11
4
0
18
11
12
6
18
11
4
0
18
11
12
13
16
13
16
7
16
7
16
13
16
22
20
13
16
7
16
7
16
7
16
7
16
7
16
7
15
14
23
7
16
6
6
14
18
11
12
6
18
11
2
17
12
6
18
11
12
7
16
7
16
7
15
14
20
13
16
7
15
5
11
4
0
18
23
15
1
19
13
16
6
18
11
12
6
18
11
12
6
18
11
10
19
13
16
13
16
22
19
13
16
7
16
7
16
6
18
11
12
16
7
16
6
18
11
4
0
18
11
12
6
18
11
12
6
0
15
14
5
11
2
17
22
0
18
11
15
5
24
1
24
1
24
1
24
1
23
15
23
15
24
1
24
1
24
1
8
0
18
11
12
15
10
19
13
16
7
15
20
13
16
6
18
11
12
13
16
6
18
11
10
10
21
15
20
13
16
7
16
7
16
7
16
7
16
7
16
6
18
11
12
10
10
21
15
14
11
4
0
18
11
12
13
16
7
16
7
16
7
16
23
7
16
6
18
11
6
18
11
4
0
18
11
4
5
24
1
24
1
24
1
24
1
24
1
24
1
24
1
23
15
5
11
2
17
12
6
18
11
12
13
16
7
15
14
9
13
16
7
16
7
16
7
16
7
16
7
16
7
16
7
16
7
16
7
16
6
18
11
6
18
11
12
7
16
6
18
2
17
12
13
16
7
16
7
16
7
16
7
16
7
16
13
16
6
18
11
4
0
18
11
12
6
18
11
4
0
18
11
4
5
24
1
24
1
8
0
15
2
17
4
0
15
10
6
18
11
12
13
16
22
20
13
16
6
18
11
4
0
15
20
13
16
23
7
16
7
16
7
16
7
16
7
16
7
15
20
13
16
7
16
6
18
11
2
17
4
0
18
11
6
18
11
12
13
16
7
16
7
16
7
16
6
18
11
4
6
18
23
7
16
7
16
7
16
6
18
11
4
0
18
11
10
10
6
18
11
4
5
24
1
24
1
24
1
24
1
23
13
16
6
18
11
12
9
18
11
4
0
18
11
4
0
18
11
12
13
16
6
18
11
4
0
18
11
2
19
13
16
6
18
11
2
1
24
1
24
1
24
1
24
1
24
1
24
1
23
15
14
13
16
6
18
11
12
6
18
23
13
16
7
16
7
16
6
18
17
12
6
18
11
12
13
16
22
20
13
16
23
13
16
7
16
7
16
7
16
7
16
7
16
7
0
18
11
4
0
15
9
13
16
7
16
7
16
6
18
11
12
13
16
7
16
7
16
7
16
6
18
11
12
6
18
11
4
5
24
1
24
1
24
1
24
1
24
1
24
1
8
0
18
11
12
13
16
7
16
7
16
13
16
7
16
6
18
11
12
6
18
11
4
5
7
16
7
16
6
18
11
12
24
1
23
15
11
4
0
15
14
6
18
2
19
13
16
7
16
7
16
7
16
6
18
11
12
13
16
7
16
13
16
23
13
16
7
16
6
18
11
4
0
15
5
11
12
6
18
23
13
16
7
16
6
18
4
0
15
11
12
6
18
11
12
13
16
7
16
7
16
7
16
15
14
20
13
16
13
16
7
24
1
22
23
15
20
13
16
7
16
6
18
11
4
0
18
11
12
13
16
7
15
20
13
16
7
16
7
16
6
18
11
12
13
16
7
16
14
11
4
0
18
11
12
6
18
11
4
0
18
12
7
16
7
16
7
16
0
18
11
12
6
18
11
4
6
18
11
12
6
18
11
4
0
18
12
10
19
13
16
7
16
6
18
11
12
6
18
11
12
6
18
11
4
0
18
11
12
13
16
7
15
3
17
4
5
7
16
7
16
22
15
14
23
13
16
6
18
11
4
0
18
11
10
21
15
5
24
1
24
1
24
1
24
1
23
13
16
7
16
6
18
11
12
6
18
13
16
7
16
6
18
11
4
0
18
11
12
6
18
11
12
13
16
7
16
7
16
7
16
6
18
11
12
13
16
7
16
7
16
6
18
11
2
4
5
24
1
24
1
23
15
19
13
16
13
16
7
16
7
16
7
16
7
16
7
16
7
16
6
18
11
12
6
18
11
12
20
13
16
22
20
13
16
23
13
16
6
18
11
12
10
19
13
16
6
18
11
12
6
18
11
12
13
16
7
16
7
16
7
15
20
13
16
13
16
7
16
6
18
11
4
0
15
14
20
13
16
0
18
22
20
13
16
6
18
11
12
6
18
11
12
13
16
6
18
11
12
13
16
6
18
11
4
0
18
11
4
0
18
11
12
13
16
6
18
11
4
0
18
11
12
13
16
6
18
11
12
7
16
22
23
13
16
6
21
15
14
18
11
12
6
18
11
4
5
24
1
23
13
16
7
16
7
13
16
7
16
6
18
11
12
13
16
6
18
11
12
6
18
11
4
5
24
1
24
1
21
15
1
24
1
23
13
16
7
16
7
16
7
16
6
18
11
4
0
18
23
13
16
6
18
11
12
16
7
16
7
16
7
13
16
17
12
9
2
17
12
6
18
11
12
6
18
11
12
20
13
16
7
20
13
16
6
18
11
12
6
18
12
13
16
6
18
23
15
24
1
21
15
3
19
13
16
13
16
6
18
11
4
0
18
11
4
0
18
11
2
17
4
0
18
11
4
0
18
11
4
0
18
11
4
0
15
14
9
2
17
4
0
15
20
13
16
23
13
16
23
13
16
7
16
6
18
23
15
3
17
22
23
13
16
6
18
11
2
17
12
13
16
7
16
7
16
7
16
7
16
22
19
13
16
6
18
11
4
0
18
11
12
6
18
11
12
13
16
22
20
13
16
22
24
1
23
15
14
13
16
6
18
11
12
6
18
11
12
6
18
11
12
6
18
11
12
13
16
22
20
13
16
6
18
11
4
0
18
11
10
21
15
10
14
20
13
16
7
18
11
2
18
11
12
6
18
11
12
22
20
13
16
8
0
18
11
2
18
11
4
5
7
16
23
13
16
6
18
11
12
13
16
7
16
7
16
14
20
13
16
19
13
16
13
16
13
16
6
18
11
4
0
18
11
4
8
0
18
11
12
6
18
11
2
17
4
0
18
11
16
6
18
11
12
13
16
22
20
13
16
7
16
23
13
16
7
16
7
16
7
16
7
16
6
18
11
12
6
18
11
4
0
15
0
18
11
4
0
18
11
12
16
6
18
11
12
13
16
7
16
6
18
11
4
0
18
11
4
0
18
11
4
0
18
11
4
0
18
23
13
16
6
18
11
16
13
16
7
16
6
18
11
12
6
18
11
4
14
11
12
13
16
7
16
22
20
13
16
7
15
0
18
11
12
6
18
11
12
9
2
17
7
12
18
11
12
13
16
7
16
7
16
7
16
7
16
23
13
16
6
18
11
4
5
24
1
8
0
18
11
12
6
18
11
12
6
18
11
12
0
18
11
12
13
16
7
16
6
18
11
12
6
18
11
4
0
18
11
12
6
18
11
12
6
18
11
12
6
18
11
6
18
11
4
5
11
4
0
18
11
12
6
18
11
12
6
18
11
4
0
18
11
6
6
18
11
12
6
18
11
4
0
18
23
13
16
7
16
7
16
7
16
6
18
11
4
0
15
14
11
4
0
18
11
4
0
18
11
12
6
18
11
12
13
16
13
16
7
16
7
16
7
16
22
20
13
16
2
17
4
0
18
11
12
6
18
11
4
0
18
11
12
20
13
16
6
18
11
12
6
18
11
10
19
13
16
7
16
7
16
13
16
7
16
7
16
7
16
6
18
11
6
18
11
12
6
18
11
12
6
18
11
4
0
18
11
4
0
18
11
12
9
2
17
12
13
16
7
16
6
18
11
12
6
18
11
4
5
11
12
13
16
7
16
7
16
23
15
3
19
13
16
7
16
6
18
23
13
16
7
16
6
18
11
12
3
17
12
19
13
16
22
9
13
16
7
16
7
16
7
16
22
20
13
16
7
16
6
18
11
4
0
15
10
21
15
14
18
11
4
0
18
11
4
0
18
5
24
1
21
6
18
11
4
0
15
10
19
13
16
7
16
7
16
7
16
7
16
7
16
6
18
11
4
0
18
11
12
13
16
6
0
15
20
13
16
23
14
11
12
9
2
17
12
6
18
11
4
0
18
11
15
10
21
15
20
13
16
13
16
6
18
11
4
0
18
11
12
6
18
11
4
0
18
11
4
0
18
11
4
20
13
16
7
16
7
16
6
18
11
4
0
18
11
12
6
18
11
12
13
16
6
18
11
12
13
16
6
18
11
12
6
18
11
12
6
18
11
12
6
18
11
12
9
2
19
13
16
23
13
16
6
18
11
10
21
15
10
14
5
11
4
0
18
11
4
0
18
11
4
5
7
16
7
16
6
18
11
12
6
18
11
12
6
18
23
15
20
13
16
7
16
6
18
11
4
0
18
11
12
6
18
11
4
20
13
16
6
18
11
12
13
16
7
16
7
16
7
16
7
16
7
16
8
0
18
16
6
18
11
4
0
18
11
12
6
18
11
2
17
12
13
16
13
16
6
18
23
7
20
13
16
6
18
11
12
16
6
18
12
6
18
11
4
0
18
11
12
6
18
11
4
8
0
18
11
4
0
18
11
12
6
18
11
4
0
18
11
24
1
24
1
24
1
24
1
24
1
24
1
8
0
15
10
10
3
17
12
6
18
11
12
6
18
11
2
0
15
6
18
11
4
0
18
11
4
0
18
11
12
13
16
7
16
6
18
11
12
13
16
6
18
11
10
6
18
11
12
13
16
7
16
7
16
7
16
7
16
23
13
16
6
18
11
12
6
6
18
11
4
0
18
11
4
0
18
11
12
6
18
11
4
0
18
11
2
17
4
21
15
5
11
4
23
7
16
7
16
7
16
6
18
11
4
0
18
11
12
13
16
7
16
6
18
23
13
16
21
15
10
19
13
16
7
16
7
16
7
16
13
16
7
16
7
16
6
18
11
4
0
18
11
12
13
16
6
18
11
4
0
18
11
4
0
18
11
12
6
18
12
6
3
17
12
13
16
7
16
7
16
7
16
6
18
11
12
6
18
11
12
6
18
11
4
0
18
11
12
6
18
11
4
0
18
11
4
21
15
11
12
6
3
21
15
20
13
16
7
16
7
16
7
16
6
18
11
10
21
15
3
21
15
0
18
11
12
6
18
11
12
13
16
7
16
7
16
15
24
1
21
15
5
11
12
6
18
23
13
16
22
2
18
11
4
0
18
11
6
18
11
12
6
18
11
4
23
15
5
11
12
6
18
11
4
0
18
11
4
0
18
11
4
0
18
11
12
6
18
11
12
13
16
7
16
7
16
16
7
16
7
16
7
16
7
16
7
16
6
18
11
12
6
18
11
12
13
16
22
20
13
16
6
18
2
17
17
11
12
6
18
11
12
6
18
11
12
6
18
11
4
5
19
13
16
7
16
17
12
6
18
11
12
13
16
6
18
11
4
0
18
11
4
0
15
0
18
11
12
13
16
6
18
11
12
6
18
11
15
5
24
1
24
1
24
1
24
1
19
13
16
22
20
13
16
7
16
6
18
11
12
13
16
7
16
14
9
9
23
15
24
1
23
13
16
7
16
7
16
7
16
7
16
4
0
15
14
19
13
19
13
16
7
16
7
16
7
16
13
16
6
18
11
12
13
16
7
16
7
16
7
16
6
18
11
12
13
16
7
16
13
16
12
6
18
11
12
6
18
11
12
16
6
18
23
13
16
7
16
13
16
7
16
7
16
6
18
11
4
0
18
11
4
0
18
11
4
0
18
11
4
0
15
20
13
16
7
16
7
16
13
16
13
16
6
18
11
4
0
18
11
4
0
18
11
12
6
18
11
12
6
18
23
13
16
6
18
11
12
7
16
7
16
7
16
6
18
11
12
6
18
11
12
6
18
23
7
16
7
16
6
18
11
4
0
18
11
12
6
18
11
4
0
18
11
12
13
16
13
16
6
18
11
4
0
18
11
2
9
18
11
12
6
18
11
12
6
18
5
19
13
16
13
16
6
18
11
4
0
18
11
12
6
18
11
12
13
16
7
16
7
13
16
22
20
13
16
6
18
11
12
6
18
11
12
6
18
11
4
5
24
1
23
13
16
7
16
7
16
7
8
0
18
11
12
13
16
7
15
14
11
10
6
18
11
12
10
10
21
15
1
24
1
24
1
24
1
24
1
23
15
14
11
10
6
18
11
4
0
18
11
4
0
18
11
4
0
18
11
12
13
16
7
16
7
16
7
16
6
18
11
4
0
18
11
12
18
11
4
0
18
11
4
0
18
11
4
0
15
20
13
16
7
16
7
16
6
18
11
12
13
16
6
18
11
12
13
16
6
18
11
12
12
6
18
23
15
5
11
4
0
18
23
13
16
6
18
11
12
6
18
11
12
6
18
11
12
6
18
11
4
5
11
12
6
18
11
4
0
18
11
12
6
18
11
12
13
16
6
18
11
12
7
16
7
16
7
16
23
13
16
6
18
7
16
7
16
6
18
11
2
0
18
11
4
0
18
11
12
6
18
11
4
0
18
11
12
13
16
13
16
7
16
22
20
13
16
6
18
23
13
16
7
12
13
16
6
18
11
24
1
24
1
24
1
19
13
16
6
18
11
12
6
18
11
12
13
16
7
16
7
16
7
16
6
18
11
12
6
18
11
4
0
18
11
12
6
18
11
4
0
18
11
4
5
11
12
13
16
7
18
11
12
13
16
7
16
7
16
7
16
13
16
7
16
7
16
6
18
11
12
13
16
7
16
6
18
11
10
21
15
14
11
12
6
18
11
12
7
8
0
18
11
4
0
18
11
4
0
18
11
12
13
16
7
16
7
16
6
18
11
12
13
16
6
18
11
4
0
15
5
7
16
6
18
11
4
5
11
4
0
15
5
7
16
7
11
4
15
20
13
16
6
18
11
12
6
18
11
4
0
18
11
12
13
16
22
0
18
11
4
0
18
11
12
6
18
11
4
0
18
11
12
6
18
11
4
0
18
11
4
0
18
11
4
0
18
11
4
0
18
11
12
6
18
11
12
6
18
11
10
19
13
16
7
16
7
16
7
16
13
16
6
18
11
6
20
13
16
6
18
11
12
13
16
6
18
11
12
6
18
11
4
5
11
12
13
16
7
16
7
16
7
16
7
16
7
16
7
16
6
18
11
12
20
13
16
6
18
11
12
6
18
11
2
17
12
6
18
23
13
16
6
18
11
12
9
2
0
18
11
12
13
16
7
16
7
16
6
18
23
13
16
7
16
6
18
11
6
18
11
12
6
18
23
15
20
13
16
6
18
23
9
2
9
2
11
4
0
15
10
21
15
10
6
18
11
12
6
18
11
4
0
18
11
12
6
18
11
6
18
11
12
6
18
11
12
13
16
7
16
22
20
13
16
7
16
7
16
7
16
7
16
6
18
11
4
0
15
10
19
13
16
23
16
7
16
7
16
13
16
7
16
7
16
7
16
6
18
11
12
6
18
11
24
1
24
1
24
1
13
16
7
16
7
16
7
16
7
16
7
16
7
16
7
16
6
6
18
23
7
16
7
16
23
0
15
7
16
2
17
13
16
7
15
14
9
2
17
12
13
16
7
16
7
16
7
16
7
16
7
16
13
16
7
16
6
18
11
4
6
18
11
12
6
18
11
4
0
15
10
6
18
11
12
13
16
7
16
7
16
7
16
7
16
6
18
11
4
0
15
20
13
16
6
18
11
12
13
16
6
18
11
12
6
18
23
15
24
1
24
1
24
1
24
1
24
1
22
19
13
16
7
16
7
16
7
16
7
16
7
16
13
16
6
18
11
12
13
16
7
16
7
16
7
16
7
15
24
1
24
1
22
20
13
16
7
16
22
20
13
16
7
16
2
17
22
23
13
16
7
16
7
16
7
16
6
18
11
10
19
13
16
6
18
23
13
16
7
16
7
16
7
16
6
18
11
4
5
24
1
24
1
24
1
24
1
24
1
24
1
24
1
24
1
24
1
24
1
24
1
24
1
24
1
8
0
18
11
4
5
11
4
0
15
14
13
16
13
16
11
4
0
18
11
12
13
16
7
16
7
16
13
16
7
16
6
18
11
12
6
18
11
17
12
6
18
11
10
6
18
11
4
0
18
11
2
0
18
11
12
13
16
13
16
18
11
12
13
16
6
18
11
12
19
13
16
22
11
12
6
18
11
4
0
18
12
3
19
13
16
7
16
2
0
18
11
12
13
16
23
15
3
22
20
13
16
23
13
16
7
16
23
15
14
11
4
5
24
1
13
16
23
13
16
7
16
15
11
12
13
16
7
16
24
1
23
15
5
24
1
24
1
23
15
14
9
18
11
4
0
15
10
10
6
18
12
6
18
11
4
0
18
11
12
13
16
7
16
7
16
7
16
7
16
7
16
7
16
6
18
11
12
13
16
7
16
7
16
7
18
11
12
13
16
23
15
14
13
16
23
13
16
7
16
1
8
17
12
6
18
11
12
6
18
11
4
0
18
11
12
6
18
11
4
0
18
11
4
0
18
11
12
3
19
13
16
7
16
7
12
13
16
6
18
11
12
6
18
11
12
13
16
7
16
7
16
13
16
7
16
6
18
11
4
0
15
21
15
10
10
19
13
16
7
16
7
16
7
16
6
18
12
6
18
11
12
6
18
11
4
0
18
11
12
7
16
13
16
6
18
11
12
13
16
7
15
24
1
24
1
23
13
16
6
18
23
24
1
23
13
16
7
16
13
16
7
16
7
16
6
0
15
24
1
23
13
16
6
18
11
12
13
16
6
18
11
12
6
18
11
4
5
11
4
0
15
20
13
16
7
16
7
16
7
16
7
16
7
16
7
13
16
7
16
6
18
11
6
18
11
12
6
18
11
4
0
18
11
10
19
13
16
13
16
13
16
7
16
2
17
4
0
18
11
2
17
12
13
16
20
13
16
7
16
6
18
11
4
0
15
20
13
16
6
18
11
4
0
18
11
12
13
16
6
18
11
12
6
6
18
11
4
0
15
3
17
15
11
12
6
18
11
12
13
16
13
16
7
16
13
16
7
16
6
18
11
4
0
18
11
10
6
18
11
10
6
18
11
6
18
11
12
3
19
13
16
7
16
7
12
7
16
7
16
7
16
13
16
7
1
24
1
24
1
0
18
11
4
0
18
11
4
0
18
11
4
5
11
12
13
16
7
16
7
16
7
8
0
18
11
4
0
18
11
12
7
16
6
18
11
4
0
18
11
10
21
15
23
15
23
13
19
13
16
6
18
11
12
13
16
7
16
6
18
11
4
20
13
16
7
16
6
18
5
12
16
6
18
11
12
6
18
11
12
6
18
23
15
9
2
17
18
11
4
0
18
11
4
0
18
11
12
13
16
6
18
11
4
0
18
11
12
6
18
23
7
16
7
16
13
16
7
16
7
16
7
16
6
18
11
4
0
18
11
12
6
18
11
4
24
1
24
1
22
20
13
16
7
16
7
16
14
1
24
1
21
6
18
11
12
6
18
11
4
5
11
12
6
18
11
4
5
7
16
7
16
6
18
12
6
18
11
2
17
12
13
16
7
16
7
16
14
11
12
6
18
11
12
6
18
11
4
5
24
1
24
1
24
1
24
1
24
1
24
1
0
18
11
12
6
18
11
12
13
16
7
16
7
16
7
16
7
16
22
20
13
16
7
13
16
6
18
11
12
13
16
23
15
17
14
9
0
15
14
23
13
16
6
18
11
4
5
24
1
24
1
24
1
24
1
24
1
24
1
24
1
24
1
23
13
16
7
16
7
16
13
16
7
20
13
16
7
16
7
16
6
18
11
12
6
18
11
4
0
18
23
13
16
7
16
6
18
11
12
6
18
11
12
6
18
11
12
6
18
11
4
5
24
1
21
15
20
13
16
7
16
6
18
11
12
16
6
6
18
11
4
0
18
11
12
6
18
11
12
9
13
16
7
16
6
18
11
4
0
18
11
2
17
4
0
15
14
13
16
7
16
7
16
6
18
11
12
6
18
11
4
0
18
11
12
6
18
11
12
3
17
15
3
17
13
16
6
6
18
11
4
0
18
11
12
6
18
11
12
13
16
7
16
13
16
7
16
7
16
7
16
7
16
23
23
7
16
7
15
0
18
11
10
19
13
16
6
18
11
12
6
18
11
12
6
6
18
11
4
0
15
5
24
1
24
1
24
1
24
1
19
13
16
13
16
7
16
6
18
11
4
0
18
11
12
6
18
11
12
6
18
11
4
0
18
11
12
13
16
7
16
7
16
7
16
7
16
6
18
2
17
12
9
2
9
1
24
1
24
1
23
15
14
11
4
0
18
11
12
13
16
13
16
19
13
16
7
16
13
16
6
18
11
2
17
12
13
16
7
16
7
16
7
16
7
16
6
18
11
4
0
18
11
12
13
16
6
18
11
4
0
18
11
12
13
16
20
13
16
19
13
16
7
16
7
16
7
8
0
18
11
4
0
15
10
19
13
16
22
20
13
16
7
16
7
16
7
16
7
16
6
18
11
12
6
18
11
2
17
12
6
18
22
20
13
16
7
1
24
1
24
1
24
1
24
1
24
1
24
1
23
7
15
20
13
16
6
18
16
13
16
7
16
7
16
7
16
6
18
11
4
0
18
11
16
7
16
6
18
11
12
6
18
23
13
16
22
24
1
24
1
23
15
20
13
16
7
16
7
16
7
16
6
18
11
12
7
16
6
18
11
4
0
18
11
4
5
7
16
7
16
6
18
11
4
0
18
11
12
9
18
11
12
6
18
11
4
5
24
1
24
1
24
1
23
0
18
11
12
6
18
11
6
18
11
12
13
16
7
16
13
16
7
16
6
18
11
12
6
18
11
12
6
18
11
12
6
18
1
24
1
24
1
24
1
24
1
8
0
18
11
4
5
16
22
20
13
16
6
18
11
4
0
18
11
4
0
15
14
18
11
12
6
18
11
4
0
18
11
4
0
18
11
10
19
13
16
7
16
7
16
22
20
13
16
23
0
18
11
12
0
18
11
12
13
16
7
16
7
15
0
18
11
12
6
18
11
12
13
16
7
16
7
8
0
18
11
12
13
16
6
18
11
4
0
15
20
13
16
6
18
11
4
0
18
11
4
5
11
4
5
11
12
6
18
11
12
0
18
11
4
0
18
11
12
6
18
11
12
6
18
11
12
6
18
11
12
6
18
11
12
6
18
11
12
6
18
11
12
6
18
11
4
0
18
11
12
13
16
7
16
6
18
11
12
6
0
18
11
12
13
16
6
18
11
12
16
7
16
7
16
7
15
14
18
11
2
17
13
16
7
16
7
16
7
16
6
18
11
4
0
18
11
4
0
18
11
12
13
16
22
20
13
16
7
16
7
16
23
13
16
7
1
24
1
24
1
24
1
24
1
23
15
5
24
1
23
13
16
2
17
12
22
23
15
14
1
24
1
24
1
8
0
18
11
4
0
18
11
4
0
18
11
10
19
13
16
6
18
11
12
6
18
11
12
23
13
16
22
23
15
10
19
13
16
6
18
11
12
6
18
11
4
5
7
15
24
1
24
1
23
15
2
17
4
0
20
13
16
7
15
14
20
13
16
7
16
6
18
11
4
0
15
20
13
16
6
18
11
2
17
4
5
7
16
21
15
24
1
24
1
24
1
24
1
24
1
24
1
24
1
24
1
24
1
24
1
24
1
24
1
24
1
24
1
23
10
14
9
2
0
18
11
12
6
18
11
4
5
24
1
24
1
24
1
24
1
24
1
8
9
13
16
7
16
6
18
11
12
6
18
20
13
16
7
16
7
16
6
18
11
12
7
16
24
1
24
1
23
22
20
13
16
6
18
11
10
19
13
16
7
16
7
16
7
16
6
18
11
12
6
18
11
4
0
18
11
4
0
18
11
12
13
19
13
16
6
18
11
12
13
16
7
16
7
16
7
16
6
18
11
4
0
18
11
4
0
18
23
13
16
7
15
14
13
16
13
16
7
16
7
16
7
16
6
18
11
12
6
18
11
12
6
18
11
12
6
18
23
15
3
16
7
16
22
20
13
16
7
16
7
16
7
16
6
18
11
4
0
18
11
12
6
18
11
4
0
18
11
12
6
18
11
12
3
19
13
16
7
16
7
16
7
12
6
18
11
12
6
0
18
11
12
6
18
11
12
13
16
7
7
16
7
15
14
3
17
14
11
4
0
18
11
12
7
12
13
16
7
16
7
16
15
0
18
23
13
16
7
16
7
16
13
16
7
16
7
16
7
16
22
4
5
19
13
16
7
16
6
18
11
12
6
18
11
12
13
16
6
18
11
12
9
2
17
4
0
18
11
2
19
13
16
6
0
18
23
13
16
0
18
11
12
6
18
11
4
0
18
11
4
0
18
23
13
16
6
18
11
12
6
18
11
12
13
16
6
18
23
7
16
7
16
6
18
11
16
6
18
11
4
5
24
1
24
1
24
1
24
1
24
1
24
1
24
1
24
1
24
1
24
1
24
1
24
1
8
9
2
11
12
13
16
7
16
7
16
6
18
11
10
14
9
18
11
12
13
16
7
16
7
16
7
8
0
18
11
12
6
18
11
10
19
13
16
7
16
6
18
11
12
13
16
7
16
6
18
2
9
13
16
7
16
13
16
7
16
6
18
11
4
0
18
11
12
4
0
18
11
12
13
16
6
18
11
12
6
18
11
12
6
18
11
4
0
18
11
4
0
18
11
10
21
15
3
19
13
16
6
18
11
4
0
18
11
12
13
16
13
16
6
18
11
4
0
18
11
4
0
18
11
12
6
18
11
12
6
18
19
13
16
7
16
7
16
13
16
23
13
16
7
16
22
23
13
16
7
15
14
11
4
0
18
11
4
0
18
23
13
16
7
16
7
16
7
16
7
1
21
15
14
9
18
11
4
0
18
12
13
16
6
18
11
12
13
16
7
16
13
16
2
17
4
21
15
20
13
16
7
16
6
18
11
4
0
18
11
4
0
18
11
12
6
18
11
4
0
18
11
12
20
13
16
6
18
12
13
16
7
16
7
16
6
18
11
12
6
18
11
12
20
13
16
7
16
7
24
1
24
1
24
1
23
13
16
6
3
19
13
16
7
20
13
16
6
18
23
13
16
15
3
22
19
13
16
7
16
6
18
11
12
13
16
6
18
12
6
18
11
4
0
18
11
12
6
18
11
12
6
18
11
22
20
13
16
7
16
6
18
11
12
7
16
6
18
11
4
0
18
11
4
0
18
11
12
6
18
11
12
13
16
2
17
12
13
16
7
16
6
18
11
12
6
18
11
12
6
18
11
4
0
18
23
15
3
19
13
16
7
16
6
18
2
0
18
11
12
13
16
6
18
11
6
6
18
11
4
0
18
11
4
0
18
11
12
20
13
16
6
18
11
4
0
16
7
16
7
16
7
16
7
16
22
20
13
16
6
18
11
12
19
13
16
7
16
6
18
11
12
13
16
7
16
7
15
9
9
13
16
7
16
7
16
13
16
7
16
6
18
11
12
6
18
11
2
17
7
16
13
16
7
16
7
16
7
16
7
16
7
16
7
16
7
16
7
16
6
18
11
12
6
18
11
12
13
16
7
16
6
18
11
12
6
18
23
15
10
19
13
16
7
16
7
16
7
16
13
16
6
18
11
12
7
16
6
18
11
2
17
10
21
15
3
19
13
16
7
13
16
7
16
7
16
6
18
11
4
0
15
20
13
16
7
16
7
16
7
16
7
16
7
16
7
16
7
16
21
15
20
13
16
6
18
11
12
6
18
11
12
13
16
7
16
7
16
7
16
7
16
18
11
10
19
13
16
7
16
7
16
7
15
10
14
11
12
7
16
6
18
11
4
0
18
11
12
6
18
11
4
23
13
16
7
16
6
18
11
4
0
15
24
1
24
1
24
1
24
1
24
1
21
15
20
13
16
7
16
7
16
7
16
6
18
11
4
0
18
11
12
6
18
23
15
14
0
18
11
12
6
18
11
4
5
24
1
24
1
24
1
24
1
24
1
24
1
24
1
24
1
24
1
24
1
23
13
16
7
16
7
16
6
18
11
4
0
18
11
12
6
18
23
15
5
11
4
0
18
11
12
3
17
4
0
18
11
12
6
18
11
12
6
18
11
4
0
15
5
24
1
23
7
16
7
16
7
16
7
16
6
6
18
11
4
0
18
11
12
6
0
18
11
4
0
18
11
12
13
16
6
18
11
12
13
16
22
15
14
13
16
13
16
6
18
11
12
13
16
7
16
7
16
7
16
7
16
7
16
7
15
14
18
11
12
6
18
11
4
5
11
4
0
18
11
4
0
18
11
12
20
13
16
7
16
7
16
7
16
21
15
24
1
24
1
24
1
23
13
16
7
16
7
16
7
16
7
16
6
18
11
12
6
18
11
6
18
11
4
0
18
11
4
0
18
11
12
6
18
11
6
18
11
4
0
18
11
12
13
16
7
16
13
16
7
16
7
15
3
19
13
16
15
14
19
13
16
7
16
13
16
7
16
7
16
7
16
7
16
7
16
7
16
6
18
11
4
0
18
11
16
6
18
11
4
0
18
11
2
19
13
16
7
16
7
16
13
16
6
18
11
12
13
16
6
18
11
12
6
18
11
12
13
16
6
18
11
4
0
15
23
13
16
8
9
13
16
6
18
11
4
0
18
11
12
20
13
16
6
18
11
4
0
18
11
12
13
16
6
18
11
12
13
16
7
16
6
18
11
12
6
18
11
16
7
16
7
16
7
16
7
13
16
7
16
7
16
7
16
7
15
5
24
1
23
15
10
21
15
14
18
11
10
10
6
18
11
12
6
18
11
12
13
16
7
16
22
23
13
16
7
16
7
16
7
16
7
16
6
18
23
13
16
6
24
1
24
1
19
13
16
6
18
11
4
0
18
11
4
0
18
23
13
19
13
16
7
16
7
16
7
16
7
15
20
13
16
7
16
6
18
11
4
6
18
11
12
13
16
7
16
7
16
6
18
11
4
0
18
11
2
17
12
13
16
7
16
7
16
7
16
7
16
7
